4.571423e+00	1	95	5.585580e-08	50	
2.861213e+02	1	75	5.585580e-08	73	
5.546459e+02	1	2	3.351348e-07	95	
6.943048e+02	1	11	3.072069e-07	150	
1.672878e+03	0	30	2.792790e-08	23	
2.091599e+03	1	13	3.072069e-07	19	
2.245259e+03	1	151	5.585580e-08	70	
4.572031e+03	0	146	2.792790e-08	59	
5.339816e+03	1	56	5.585580e-08	36	
5.381689e+03	1	138	5.585580e-08	62	
6.208863e+03	1	1	3.072069e-07	133	
7.973081e+03	1	7	3.072069e-07	139	
8.998693e+03	1	117	5.585580e-08	34	
9.191347e+03	1	10	3.072069e-07	93	
1.039605e+04	1	118	5.585580e-08	32	
1.054438e+04	1	12	3.072069e-07	20	
1.108163e+04	1	13	3.351348e-07	24	
1.123212e+04	1	7	3.351348e-07	124	
1.189025e+04	1	12	3.351348e-07	84	
1.616733e+04	1	127	5.585580e-08	60	
1.853164e+04	0	103	2.792790e-08	97	
2.341672e+04	0	75	5.585580e-08	91	
2.405795e+04	0	122	2.792790e-08	92	
2.449801e+04	1	138	1.117116e-07	75	
3.553875e+04	0	12	3.351348e-07	121	
3.746330e+04	1	8	3.072069e-07	66	
3.784165e+04	1	12	3.630627e-07	69	
4.291114e+04	0	90	2.792790e-08	54	
5.879785e+04	0	138	1.117116e-07	140	
6.262549e+04	1	118	8.378370e-08	49	
6.511938e+04	0	134	2.792790e-08	41	
7.150594e+04	1	7	3.630627e-07	83	
7.525844e+04	0	97	2.792790e-08	67	
8.451949e+04	1	7	3.909906e-07	140	
8.492321e+04	0	7	3.909906e-07	138	
8.865283e+04	0	10	3.072069e-07	44	
9.387618e+04	1	11	3.351348e-07	100	
9.539991e+04	1	74	5.585580e-08	51	
9.544115e+04	0	108	2.792790e-08	79	
1.063308e+05	0	68	2.792790e-08	48	
1.072809e+05	1	110	5.585580e-08	98	
