5.650234e+03	1	76	5.585580e-08	40	
9.643761e+03	1	5	3.072069e-07	111	
1.327539e+04	1	11	3.072069e-07	35	
1.722620e+04	1	5	3.351348e-07	75	
2.347508e+04	1	5	3.630627e-07	90	
4.665529e+04	1	5	3.909906e-07	51	
6.024137e+04	0	147	2.792790e-08	69	
6.208655e+04	1	13	3.072069e-07	49	
6.348459e+04	1	131	5.585580e-08	85	
8.920039e+04	1	150	5.585580e-08	66	
1.155165e+05	1	3	3.072069e-07	67	
1.193136e+05	1	4	3.072069e-07	126	
2.313157e+05	1	8	3.072069e-07	30	
2.894981e+05	1	11	3.351348e-07	98	
5.076103e+05	1	7	3.072069e-07	108	
5.741649e+05	2	131	6.078835e-08	129	3687573659	2.299535e-08	
6.005857e+05	1	6	3.072069e-07	97	
6.738099e+05	3	119	1.396395e-08	93	3196256300	1.396395e-08	848448836	1.396395e-08	2211003714	1.396395e-08	
7.340393e+05	1	6	3.351348e-07	96	
9.050734e+05	1	7	5.864859e-07	2	
9.189360e+05	4	23	1.396395e-08	15	2916276788	1.396395e-08	3696193412	1.396395e-08	15308464	1.396395e-08	
9.723646e+05	1	9	3.072069e-07	83	
1.162114e+06	1	0	1.000000e+00	91	
1.165404e+06	3	9	2.005517e-07	89	1239307652	1.495368e-08	1945448119	1.495368e-08	3396227953	1.495368e-08	3321237907	1.495368e-08	3187199216	1.495368e-08	3330100144	1.495368e-08	310481256	1.495368e-08	817087088	1.495368e-08	551137729	1.495368e-08	
1.309560e+06	0	138	2.792790e-08	123	
1.384182e+06	1	12	3.072069e-07	110	
1.431935e+06	1	0	1.000000e+00	139	
1.590525e+06	4	114	1.396395e-08	310481256	1218250404	1.445882e-08	1035956119	1.445882e-08	
1.609039e+06	0	137	2.792790e-08	19	
1.612723e+06	0	9	2.005517e-07	143	
1.708563e+06	0	11	3.351348e-07	24	
1.730376e+06	1	12	3.351348e-07	84	
1.876294e+06	1	41	5.585580e-08	22	
1.913253e+06	1	0	1.000000e+00	87	
1.956606e+06	1	0	1.000000e+00	36	
1.965566e+06	3	59	2.708864e-08	114	1211996162	1.480321e-08	
