9.759266e+01	1	123	5.585580e-08	46	
4.652189e+03	1	8	3.072069e-07	29	
1.466738e+04	1	14	5.585580e-07	1	
3.344671e+04	1	5	3.072069e-07	124	
4.218769e+04	1	3	3.072069e-07	95	
8.443518e+04	1	10	3.072069e-07	22	
9.613034e+04	0	3	3.072069e-07	73	
1.314583e+05	1	8	3.351348e-07	102	
1.398854e+05	1	148	5.585580e-08	37	
1.728565e+05	1	8	3.630627e-07	153	
2.012282e+05	1	9	3.072069e-07	151	
2.032742e+05	1	6	3.072069e-07	119	
2.263644e+05	3	144	1.396395e-08	77	3687573659	1.396395e-08	3196256300	1.396395e-08	848448836	1.396395e-08	
2.363939e+05	0	98	2.792790e-08	67	
2.402813e+05	0	12	2.792790e-07	107	
2.536798e+05	1	14	5.864859e-07	89	
3.002320e+05	1	14	6.144138e-07	97	
3.930618e+05	0	137	2.792790e-08	91	
5.259063e+05	3	92	2.564414e-08	30	2211003714	1.510583e-08	2916276788	1.510583e-08	
6.031801e+05	3	113	1.989744e-08	100	3696193412	1.797918e-08	15308464	1.797918e-08	
6.577430e+05	1	7	3.072069e-07	49	
1.021567e+06	3	71	1.396395e-08	92	1239307652	1.980405e-08	1945448119	1.980405e-08	
1.053885e+06	0	53	2.792790e-08	18	
1.147653e+06	1	11	3.072069e-07	69	
1.173480e+06	0	7	3.072069e-07	90	
1.215230e+06	0	130	2.792790e-08	93	
1.239020e+06	0	149	2.792790e-08	112	
1.353510e+06	0	8	3.630627e-07	20	
1.402158e+06	1	0	1.000000e+00	16	
1.484542e+06	3	23	2.618994e-08	2211003714	3396227953	1.684379e-08	
1.508161e+06	1	5	3.270109e-07	1945448119	
2.012078e+06	1	6	3.351348e-07	154	
2.148470e+06	3	123	4.523679e-08	67	3321237907	1.927346e-08	3187199216	1.927346e-08	
2.150418e+06	4	74	1.396395e-08	3187199216	3330100144	1.661870e-08	310481256	1.661870e-08	
2.323910e+06	2	10	5.424676e-07	12	817087088	1.467276e-08	551137729	1.467276e-08	1218250404	1.467276e-08	
2.332979e+06	0	5	3.270109e-07	27	
2.482827e+06	0	143	2.792790e-08	131	
2.498979e+06	0	90	2.792790e-08	39	
2.534365e+06	1	0	1.000000e+00	81	
2.604215e+06	1	4	3.072069e-07	76	
2.623741e+06	0	6	3.351348e-07	143	
2.670563e+06	1	4	3.351348e-07	138	
2.682312e+06	0	106	2.792790e-08	1218250404	
2.820663e+06	1	5	3.549388e-07	51	
2.828220e+06	1	4	3.630627e-07	17	
2.935455e+06	1	4	3.909906e-07	111	
3.067362e+06	1	5	3.689028e-07	3687573659	
3.112661e+06	3	42	1.396395e-08	848448836	1035956119	1.396395e-08	1211996162	1.396395e-08	
3.182968e+06	0	4	3.909906e-07	79	
3.205158e+06	1	0	1.000000e+00	88	
3.327050e+06	1	0	1.000000e+00	36	
3.539927e+06	2	6	5.743119e-07	9	188552836	1.396395e-08	2029773149	1.802194e-08	302486611	1.802194e-08	1842102965	1.802194e-08	
3.571491e+06	3	112	1.396395e-08	1211996162	1285693762	1.396395e-08	1078741991	1.396395e-08	
3.631915e+06	1	14	6.423417e-07	99	
3.951767e+06	0	6	5.743119e-07	56	
4.105634e+06	0	6	5.743119e-07	66	
4.346611e+06	1	5	4.141396e-07	123	
