1.890179e+03	1	2	3.072069e-07	147	
2.677653e+03	1	12	3.072069e-07	16	
3.123504e+03	1	2	3.351348e-07	118	
6.706108e+03	1	130	5.585580e-08	22	
7.118505e+03	1	3	3.072069e-07	106	
1.117992e+04	1	4	3.072069e-07	75	
1.124312e+04	1	1	3.072069e-07	129	
1.172924e+04	1	12	3.351348e-07	41	
5.412957e+04	1	138	5.585580e-08	111	
6.052276e+04	2	1	5.021938e-07	7	3687573659	1.404869e-08	3196256300	1.404869e-08	848448836	1.404869e-08	2211003714	1.404869e-08	2916276788	1.404869e-08	3696193412	1.404869e-08	
6.482014e+04	1	2	3.630627e-07	50	
7.951649e+04	1	60	5.585580e-08	51	
9.830264e+04	1	11	3.072069e-07	116	
1.447582e+05	0	3	3.072069e-07	63	
1.950002e+05	2	36	3.652620e-08	15	15308464	1.932960e-08	
2.145598e+05	1	2	6.702696e-07	11	
2.331093e+05	0	136	2.792790e-08	53	
2.586796e+05	1	1	5.301217e-07	30	
2.748564e+05	1	3	3.351348e-07	58	
4.650459e+05	0	69	2.792790e-08	28	
