3.858484e+01	1	11	3.072069e-07	79	
3.810492e+02	1	125	5.585580e-08	95	
3.390171e+03	1	134	5.585580e-08	90	
4.681185e+03	1	87	5.585580e-08	19	
5.351775e+03	0	4	2.792790e-07	2	
6.784973e+03	1	3	3.072069e-07	16	
8.889808e+03	0	137	2.792790e-08	78	
9.010474e+03	1	10	3.072069e-07	111	
9.393877e+03	1	5	3.072069e-07	49	
1.216918e+04	0	153	2.792790e-08	91	
1.222180e+04	0	81	2.792790e-08	30	
1.419584e+04	1	1	3.072069e-07	25	
2.056024e+04	2	3	5.713548e-07	7	3687573659	1.513115e-08	
2.474160e+04	1	116	5.585580e-08	37	
2.498470e+04	1	134	8.378370e-08	129	
2.800442e+04	0	146	2.792790e-08	126	
3.462225e+04	1	134	1.117116e-07	34	
3.727665e+04	1	13	3.072069e-07	124	
3.802833e+04	1	11	3.351348e-07	39	
3.924005e+04	1	11	3.630627e-07	91	
4.310785e+04	1	8	3.072069e-07	142	
4.923053e+04	0	152	2.792790e-08	45	
5.535290e+04	0	127	2.792790e-08	70	
5.540627e+04	1	13	3.351348e-07	26	
5.611524e+04	0	3	5.713548e-07	112	
5.663979e+04	0	108	2.792790e-08	15	
5.783228e+04	0	9	2.792790e-07	143	
5.848925e+04	2	102	3.164799e-08	94	3196256300	2.420781e-08	
5.957076e+04	0	63	2.792790e-08	38	
6.144188e+04	0	126	2.792790e-08	105	
6.179202e+04	0	103	2.792790e-08	78	
6.953735e+04	0	87	5.585580e-08	105	
7.829188e+04	0	137	2.792790e-08	27	
8.320721e+04	0	116	5.585580e-08	56	
8.679111e+04	1	148	5.585580e-08	84	
8.997107e+04	1	148	8.378370e-08	104	
1.026745e+05	1	125	8.378370e-08	117	
1.074685e+05	0	5	3.072069e-07	4	
1.099820e+05	1	108	5.585580e-08	15	
1.123065e+05	1	150	5.585580e-08	62	
1.179585e+05	1	139	5.585580e-08	52	
1.246819e+05	0	14	2.792790e-07	131	
1.263547e+05	0	150	5.585580e-08	67	
1.284826e+05	0	8	3.072069e-07	5	
1.328133e+05	1	10	3.351348e-07	24	
1.399278e+05	0	55	2.792790e-08	30	
1.445800e+05	1	14	3.072069e-07	152	
1.617199e+05	3	146	2.547950e-08	143	848448836	1.518815e-08	2211003714	1.518815e-08	
1.666242e+05	1	9	3.072069e-07	76	
1.761272e+05	1	130	5.585580e-08	122	
