1.387688e+03	1	14	3.072069e-07	131	
4.954254e+03	1	9	3.072069e-07	126	
6.681002e+03	1	14	5.864859e-07	7	
1.696069e+04	2	14	8.020084e-07	10	3687573659	1.593913e-08	3196256300	1.593913e-08	848448836	1.593913e-08	2211003714	1.593913e-08	
1.867190e+04	1	11	3.072069e-07	29	
2.409753e+04	1	9	3.351348e-07	53	
2.971857e+04	1	4	3.072069e-07	98	
3.524765e+04	1	69	5.585580e-08	15	
4.193284e+04	0	121	2.792790e-08	73	
8.048357e+04	1	14	8.299363e-07	81	
1.045764e+05	1	70	5.585580e-08	35	
1.248658e+05	3	62	2.715915e-08	2211003714	2916276788	1.670787e-08	
1.309210e+05	1	5	3.072069e-07	85	
1.325569e+05	0	57	2.792790e-08	32	
1.504957e+05	2	14	1.049511e-06	1	3696193412	1.492615e-08	15308464	1.492615e-08	1239307652	1.492615e-08	1945448119	1.492615e-08	
1.849826e+05	1	11	3.351348e-07	32	
1.932716e+05	1	14	1.064437e-06	15308464	
2.555880e+05	0	4	3.072069e-07	69	
3.025679e+05	1	14	1.092365e-06	77	
3.195424e+05	1	3	3.072069e-07	76	
4.303727e+05	3	109	1.974149e-08	71	3396227953	1.805716e-08	3321237907	1.805716e-08	
5.219759e+05	1	14	1.120293e-06	145	
5.311789e+05	1	132	5.585580e-08	25	
