4.555544e+03	1	11	3.072069e-07	92	
5.707659e+03	1	7	3.072069e-07	130	
2.849689e+04	1	14	3.072069e-07	136	
6.711380e+04	1	2	3.072069e-07	44	
7.273067e+04	0	124	2.792790e-08	109	
7.962149e+04	1	13	5.585580e-07	3	
8.002177e+04	1	9	5.585580e-07	4	
9.086288e+04	1	144	5.585580e-08	120	
9.604818e+04	1	7	3.351348e-07	104	
9.835679e+04	1	14	3.351348e-07	123	
1.350065e+05	1	7	3.630627e-07	153	
1.756218e+05	0	14	3.351348e-07	127	
1.790875e+05	0	2	3.072069e-07	103	
2.291411e+05	1	8	3.072069e-07	58	
2.322059e+05	1	7	6.981975e-07	14	
2.424999e+05	1	6	3.072069e-07	133	
3.421534e+05	0	134	2.792790e-08	94	
3.550732e+05	0	112	2.792790e-08	40	
3.905852e+05	0	10	2.792790e-07	128	
4.558420e+05	1	9	5.864859e-07	53	
5.039301e+05	0	13	5.585580e-07	101	
6.028243e+05	2	7	8.773226e-07	12	3687573659	1.430771e-08	3196256300	1.430771e-08	848448836	1.430771e-08	2211003714	1.430771e-08	2916276788	1.430771e-08	3696193412	1.430771e-08	15308464	1.430771e-08	
6.054595e+05	1	7	8.916303e-07	2211003714	
6.315806e+05	0	8	3.072069e-07	132	
6.693789e+05	0	7	8.916303e-07	3687573659	
6.919243e+05	1	5	3.072069e-07	116	
7.196489e+05	1	0	1.000000e+00	75	
7.898090e+05	1	2	3.351348e-07	25	
