2.761284e+02	1	11	3.072069e-07	18	
9.782053e+02	1	132	5.585580e-08	121	
1.376199e+03	1	8	3.072069e-07	100	
1.534570e+03	1	149	5.585580e-08	71	
1.603113e+03	1	5	3.072069e-07	66	
1.705476e+03	1	139	5.585580e-08	94	
6.494640e+03	0	147	2.792790e-08	63	
6.838075e+03	1	4	3.072069e-07	34	
7.151084e+03	1	140	5.585580e-08	108	
7.443616e+03	1	3	3.072069e-07	133	
9.622371e+03	1	75	5.585580e-08	74	
1.117736e+04	1	114	5.585580e-08	68	
1.429269e+04	1	120	5.585580e-08	64	
1.511226e+04	0	12	2.792790e-07	27	
1.608925e+04	1	11	3.630627e-07	75	
1.781964e+04	1	4	3.351348e-07	142	
1.795033e+04	1	6	3.072069e-07	55	
2.349335e+04	1	4	3.630627e-07	101	
3.586598e+04	1	12	3.072069e-07	146	
4.142938e+04	1	9	3.072069e-07	50	
4.154600e+04	1	109	5.585580e-08	82	
5.148868e+04	1	8	3.351348e-07	80	
5.210861e+04	0	91	2.792790e-08	25	
6.298161e+04	1	6	3.351348e-07	95	
6.506838e+04	1	9	3.351348e-07	98	
6.607894e+04	0	11	3.630627e-07	27	
7.112800e+04	1	105	5.585580e-08	39	
7.427118e+04	0	127	2.792790e-08	102	
7.683588e+04	0	125	2.792790e-08	89	
7.804607e+04	1	123	5.585580e-08	113	
8.147217e+04	1	7	3.072069e-07	91	
8.906238e+04	0	13	2.792790e-07	131	
8.920009e+04	1	3	3.351348e-07	62	
