2.662360e+03	2	10	4.873687e-07	7	3687573659	1.423786e-08	3196256300	1.423786e-08	848448836	1.423786e-08	2211003714	1.423786e-08	2916276788	1.423786e-08	
9.828972e+03	1	79	5.585580e-08	55	
1.067455e+04	1	153	5.585580e-08	30	
1.759596e+04	1	141	5.585580e-08	82	
2.282540e+04	1	133	5.585580e-08	46	
2.839679e+04	1	70	5.585580e-08	38	
3.648024e+04	1	93	4.216576e-08	2211003714	
4.015783e+04	1	4	5.585580e-07	2	
8.443381e+04	1	123	5.585580e-08	89	
9.353899e+04	1	120	5.585580e-08	48	
1.011883e+05	1	40	5.585580e-08	37	
1.069453e+05	0	153	5.585580e-08	125	
1.218321e+05	1	120	8.378370e-08	154	
1.957217e+05	2	13	4.979652e-07	9	3696193412	1.514819e-08	15308464	1.514819e-08	1239307652	1.514819e-08	1945448119	1.514819e-08	
2.050425e+05	1	6	3.072069e-07	51	
2.739645e+05	1	6	3.351348e-07	129	
4.082982e+05	1	10	5.016066e-07	3196256300	
4.457736e+05	0	65	2.792790e-08	43	
5.329953e+05	0	119	2.792790e-08	116	
7.431182e+05	4	93	1.396395e-08	140	3396227953	1.403243e-08	3321237907	1.403243e-08	3187199216	1.403243e-08	3330100144	1.403243e-08	
8.322954e+05	1	148	5.585580e-08	26	
8.829590e+05	0	79	5.585580e-08	151	
8.854423e+05	1	4	5.864859e-07	23	
9.084031e+05	0	133	5.585580e-08	54	
9.970850e+05	1	13	5.258931e-07	124	
1.066468e+06	1	0	1.000000e+00	15	
1.124534e+06	0	141	5.585580e-08	73	
1.219991e+06	4	128	1.396395e-08	108	310481256	1.396395e-08	817087088	1.396395e-08	551137729	1.396395e-08	
1.273224e+06	1	13	5.538210e-07	87	
1.310494e+06	0	65	2.792790e-08	50	
1.321502e+06	1	0	1.000000e+00	77	
1.367868e+06	0	13	5.538210e-07	15308464	
1.388708e+06	0	59	2.792790e-08	54	
1.509288e+06	1	0	1.000000e+00	146	
1.597061e+06	0	125	2.792790e-08	3687573659	
1.615846e+06	1	0	1.000000e+00	106	
1.661570e+06	4	136	1.396395e-08	101	1218250404	1.396395e-08	1035956119	1.396395e-08	1211996162	1.396395e-08	
1.688403e+06	1	0	1.000000e+00	42	
1.788409e+06	4	1035956119	1.396395e-08	93	188552836	1.396395e-08	
1.853732e+06	1	0	1.000000e+00	62	
2.147478e+06	2	6	5.164790e-07	12	2029773149	1.399068e-08	302486611	1.399068e-08	1842102965	1.399068e-08	1285693762	1.399068e-08	1078741991	1.399068e-08	2723643411	1.399068e-08	1804212609	1.399068e-08	
2.158798e+06	1	6	5.444069e-07	60	
2.182374e+06	3	94	1.396395e-08	76	438292632	1.396395e-08	2001290253	1.396395e-08	3147695692	1.396395e-08	
2.240221e+06	3	147	2.623098e-08	551137729	3179285865	1.566087e-08	
2.244609e+06	1	14	3.072069e-07	81	
2.281695e+06	0	848448836	1.423786e-08	3396227953	
2.357255e+06	1	10	5.158444e-07	848448836	
2.389689e+06	0	6	5.444069e-07	39	
2.452150e+06	0	70	5.585580e-08	63	
2.605431e+06	1	0	1.000000e+00	1239307652	
2.963755e+06	0	10	5.158444e-07	49	
3.027520e+06	1	0	1.000000e+00	15308464	
3.246272e+06	1	0	1.000000e+00	142	
3.314821e+06	1	0	1.000000e+00	3696193412	
3.345790e+06	0	5	2.792790e-07	86	
3.378657e+06	4	137	1.396395e-08	125	2173231515	1.396395e-08	740082705	1.396395e-08	2795063678	1.396395e-08	
3.393071e+06	4	139	1.396395e-08	29	3642829293	1.396395e-08	2707128518	1.396395e-08	474866315	1.396395e-08	
3.499395e+06	4	132	1.396395e-08	136	1639799867	1.396395e-08	1026028388	1.396395e-08	
3.515728e+06	1	0	1.000000e+00	134	
3.589995e+06	1	0	1.000000e+00	64	
3.676012e+06	4	67	1.396395e-08	1218250404	1128056158	1.396395e-08	2909632847	1.396395e-08	
3.744019e+06	1	0	1.000000e+00	56	
3.818465e+06	0	35	2.792790e-08	32	
3.851696e+06	0	35	2.792790e-08	3179285865	
3.866795e+06	3	35	2.504005e-08	474866315	937177227	1.685180e-08	
3.886716e+06	0	144	2.792790e-08	302486611	
3.914869e+06	3	1842102965	1.401741e-08	2029773149	3393811039	1.396395e-08	
4.156118e+06	1	0	1.000000e+00	47	
4.267067e+06	1	1	2.932429e-07	2909632847	
4.334527e+06	1	0	1.000000e+00	71	
4.375827e+06	1	0	1.000000e+00	16	
4.412807e+06	1	10	5.437723e-07	52	
4.469181e+06	1	10	5.577363e-07	1128056158	
