5.404378e+02	1	4	3.072069e-07	47	
9.293301e+02	1	13	3.072069e-07	117	
1.152362e+03	1	5	3.072069e-07	52	
1.192120e+03	1	5	5.864859e-07	7	
2.724684e+03	1	86	5.585580e-08	20	
5.760116e+03	1	5	6.144138e-07	100	
6.539935e+03	1	10	3.072069e-07	128	
9.074459e+03	1	138	5.585580e-08	53	
9.155075e+03	1	5	6.423417e-07	85	
1.744751e+04	0	106	2.792790e-08	17	
2.453469e+04	1	5	6.702696e-07	119	
2.703588e+04	0	134	2.792790e-08	90	
2.795779e+04	1	134	5.585580e-08	111	
3.075548e+04	1	5	6.981975e-07	144	
3.079977e+04	1	13	3.351348e-07	81	
3.138725e+04	1	124	5.585580e-08	29	
3.996223e+04	1	4	3.351348e-07	67	
4.666141e+04	1	51	5.585580e-08	38	
5.431774e+04	1	5	7.540533e-07	124	
5.714615e+04	1	8	3.072069e-07	24	
6.818876e+04	1	8	3.351348e-07	87	
7.034560e+04	1	10	3.351348e-07	25	
8.276584e+04	1	4	6.144138e-07	9	
8.710094e+04	1	51	8.378370e-08	16	
9.569642e+04	1	14	5.585580e-07	6	
1.113813e+05	0	51	8.378370e-08	151	
1.163766e+05	1	110	5.585580e-08	104	
1.270224e+05	1	141	5.585580e-08	41	
1.411729e+05	1	151	5.585580e-08	133	
1.412755e+05	1	5	7.819812e-07	59	
1.487807e+05	1	151	1.117116e-07	134	
1.488914e+05	0	151	1.117116e-07	37	
1.518200e+05	1	118	5.585580e-08	115	
1.567778e+05	1	153	5.585580e-08	70	
1.573820e+05	0	138	5.585580e-08	94	
