1.369075e+02	1	8	3.072069e-07	117	
4.951632e+02	1	93	5.585580e-08	68	
2.188980e+03	1	4	3.072069e-07	85	
4.109950e+03	1	134	5.585580e-08	71	
4.553937e+03	1	138	5.585580e-08	15	
5.111924e+03	1	102	5.585580e-08	34	
6.314442e+03	1	120	5.585580e-08	97	
6.494092e+03	1	2	3.072069e-07	78	
7.255350e+03	1	14	3.072069e-07	51	
9.149016e+03	1	130	5.585580e-08	65	
9.920899e+03	0	45	2.792790e-08	25	
1.152115e+04	1	13	3.072069e-07	115	
1.154565e+04	0	137	2.792790e-08	95	
1.293598e+04	1	120	8.378370e-08	70	
1.421586e+04	1	8	3.351348e-07	95	
1.485035e+04	1	9	3.072069e-07	107	
1.792389e+04	0	55	2.792790e-08	40	
1.988352e+04	1	14	3.351348e-07	72	
2.222956e+04	1	8	3.630627e-07	100	
2.420416e+04	1	87	5.585580e-08	73	
2.552428e+04	1	1	3.072069e-07	64	
2.714100e+04	1	8	3.909906e-07	57	
2.959017e+04	0	148	2.792790e-08	30	
3.176889e+04	0	132	2.792790e-08	91	
3.714183e+04	2	150	4.002435e-08	26	3687573659	1.583145e-08	
4.044159e+04	0	8	3.909906e-07	20	
4.340285e+04	1	13	3.351348e-07	127	
4.354695e+04	1	94	5.585580e-08	38	
4.630886e+04	1	130	8.378370e-08	149	
4.646319e+04	1	4	3.630627e-07	93	
5.082210e+04	1	130	1.117116e-07	16	
5.249043e+04	1	112	5.585580e-08	37	
5.461192e+04	1	11	3.072069e-07	40	
5.653844e+04	1	6	3.072069e-07	31	
