2.939705e+03	1	14	3.072069e-07	34	
5.541442e+03	1	153	5.585580e-08	54	
6.579647e+03	1	9	3.072069e-07	66	
7.353759e+03	1	14	5.864859e-07	5	
1.295153e+04	1	9	5.864859e-07	6	
1.437646e+04	0	122	2.792790e-08	105	
1.944046e+04	1	10	3.072069e-07	63	
2.405145e+04	1	14	6.144138e-07	148	
4.679441e+04	1	101	5.585580e-08	76	
1.287868e+05	1	9	6.144138e-07	125	
1.377237e+05	0	67	2.792790e-08	56	
2.320656e+05	2	153	6.576981e-08	22	3687573659	1.801389e-08	
2.503517e+05	1	93	5.585580e-08	44	
2.725922e+05	1	12	3.072069e-07	58	
2.934363e+05	1	12	3.351348e-07	40	
3.664386e+05	1	14	6.423417e-07	136	
3.690375e+05	1	13	5.585580e-07	4	
3.699183e+05	1	1	3.072069e-07	102	
3.772812e+05	0	143	2.792790e-08	59	
4.733663e+05	0	113	2.792790e-08	42	
4.925513e+05	1	7	3.072069e-07	97	
5.438614e+05	2	89	3.075958e-08	81	3196256300	2.509622e-08	
5.943347e+05	1	12	3.630627e-07	83	
6.652738e+05	2	12	5.968373e-07	2	848448836	1.516814e-08	2211003714	1.516814e-08	2916276788	1.516814e-08	
6.965718e+05	2	9	8.273890e-07	8	3696193412	1.657594e-08	15308464	1.657594e-08	1239307652	1.657594e-08	1945448119	1.657594e-08	
7.661017e+05	1	9	8.553169e-07	146	
8.786511e+05	1	9	8.832448e-07	116	
