2.679753e+02	1	128	5.585580e-08	89	
8.126738e+03	1	10	3.072069e-07	73	
9.697623e+03	1	8	5.585580e-07	2	
1.351149e+04	1	133	5.585580e-08	97	
1.552888e+04	0	125	2.792790e-08	63	
1.646312e+04	0	54	2.792790e-08	44	
1.661740e+04	1	8	5.864859e-07	69	
1.670402e+04	0	128	5.585580e-08	48	
1.838869e+04	1	13	3.072069e-07	140	
2.363039e+04	1	8	6.144138e-07	121	
3.473554e+04	1	8	6.423417e-07	30	
4.049201e+04	1	8	6.702696e-07	88	
5.470972e+04	1	115	5.585580e-08	70	
6.637025e+04	0	8	6.702696e-07	76	
7.267422e+04	1	13	3.351348e-07	96	
1.128205e+05	1	11	3.072069e-07	36	
1.171852e+05	0	147	2.792790e-08	71	
1.647095e+05	1	12	3.072069e-07	146	
2.063881e+05	1	9	3.072069e-07	25	
2.798900e+05	0	13	3.351348e-07	84	
5.464420e+05	0	154	2.792790e-08	100	
6.035005e+05	0	95	2.792790e-08	65	
6.260282e+05	4	104	1.396395e-08	95	3687573659	1.396395e-08	3196256300	1.396395e-08	848448836	1.396395e-08	
7.458055e+05	1	8	6.981975e-07	109	
7.722737e+05	1	0	1.000000e+00	27	
7.767816e+05	0	5	2.792790e-07	113	
1.052722e+06	0	148	2.792790e-08	125	
1.070777e+06	1	8	7.261254e-07	111	
1.464804e+06	2	13	3.471449e-07	124	2211003714	1.591781e-08	
1.631776e+06	1	0	1.000000e+00	64	
1.764718e+06	1	0	1.000000e+00	144	
1.862439e+06	0	9	3.072069e-07	117	
1.950211e+06	1	0	1.000000e+00	110	
2.437937e+06	0	4	2.792790e-07	133	
2.600977e+06	1	0	1.000000e+00	59	
2.627610e+06	0	14	2.792790e-07	3	
2.859231e+06	1	9	3.351348e-07	126	
2.887381e+06	4	40	1.396395e-08	2211003714	2916276788	1.494088e-08	3696193412	1.494088e-08	
3.054216e+06	1	10	3.351348e-07	54	
3.295985e+06	0	127	2.792790e-08	100	
3.659962e+06	1	0	1.000000e+00	100	
3.712788e+06	1	0	1.000000e+00	82	
3.741150e+06	2	8	1.010610e-06	9	15308464	1.396395e-08	1239307652	1.834302e-08	1945448119	1.834302e-08	
3.884878e+06	1	99	5.585580e-08	74	
4.382293e+06	1	13	3.750728e-07	29	
4.520235e+06	1	8	1.028953e-06	1239307652	
4.616549e+06	0	11	3.072069e-07	90	
4.640544e+06	3	150	1.396395e-08	26	3396227953	1.396395e-08	3321237907	1.396395e-08	3187199216	1.396395e-08	
4.681437e+06	3	128	2.502303e-08	44	3330100144	1.469017e-08	310481256	1.469017e-08	817087088	1.469017e-08	551137729	1.469017e-08	
4.726251e+06	1	551137729	2.938033e-08	3330100144	
5.008236e+06	1	5	3.072069e-07	118	
5.101912e+06	2	8	1.257687e-06	7	1218250404	1.684855e-08	1035956119	1.684855e-08	1211996162	1.684855e-08	
5.118052e+06	1	0	1.000000e+00	78	
5.146001e+06	2	120	3.794423e-08	102	188552836	1.791157e-08	
5.196671e+06	0	8	1.257687e-06	1211996162	
5.217301e+06	0	117	2.792790e-08	34	
