5.196652e+03	1	14	3.072069e-07	50	
7.314393e+03	1	9	3.072069e-07	99	
7.429556e+03	1	106	5.585580e-08	32	
1.176957e+04	0	76	2.792790e-08	57	
3.524517e+04	1	1	3.072069e-07	142	
4.482806e+04	1	76	5.585580e-08	27	
7.002812e+04	1	106	8.378370e-08	36	
7.303869e+04	1	1	3.351348e-07	103	
1.322798e+05	1	2	3.072069e-07	20	
1.567318e+05	0	11	2.792790e-07	22	
2.068346e+05	1	5	3.072069e-07	52	
2.126066e+05	1	5	3.351348e-07	71	
2.152317e+05	1	6	3.072069e-07	147	
2.583676e+05	0	14	3.072069e-07	121	
2.844614e+05	0	3	2.792790e-07	70	
3.137435e+05	0	1	3.351348e-07	104	
3.524529e+05	0	1	3.351348e-07	112	
3.599718e+05	1	2	3.351348e-07	72	
4.623679e+05	0	14	3.072069e-07	35	
6.756742e+05	3	1	3.344571e-07	102	3687573659	1.430279e-08	3196256300	1.430279e-08	
6.999884e+05	1	1	3.487599e-07	3196256300	
7.379903e+05	1	11	3.072069e-07	38	
7.656872e+05	1	14	3.351348e-07	22	
7.684010e+05	1	11	3.351348e-07	131	
8.223388e+05	3	113	1.396395e-08	57	848448836	1.396395e-08	2211003714	1.396395e-08	2916276788	1.396395e-08	
8.886501e+05	1	13	3.072069e-07	145	
9.609624e+05	1	0	1.000000e+00	15	
9.676619e+05	1	1	3.630627e-07	3687573659	
1.020292e+06	0	134	2.792790e-08	123	
1.058388e+06	1	1	3.909906e-07	130	
1.069916e+06	0	1	3.909906e-07	16	
1.080337e+06	3	117	1.396395e-08	111	3696193412	1.396395e-08	15308464	1.396395e-08	1239307652	1.396395e-08	
1.123341e+06	1	0	1.000000e+00	24	
1.181309e+06	3	76	4.490070e-08	18	1945448119	1.944150e-08	3396227953	1.944150e-08	
1.291216e+06	1	1	4.189185e-07	51	
1.313406e+06	1	5	3.630627e-07	74	
1.335194e+06	1	9	3.351348e-07	77	
1.578553e+06	1	0	1.000000e+00	68	
1.611814e+06	1	9	3.630627e-07	16	
1.656031e+06	1	0	1.000000e+00	124	
2.249312e+06	1	1	4.468464e-07	112	
2.409681e+06	1	5	3.909906e-07	78	
2.444219e+06	1	1	4.747743e-07	43	
2.779102e+06	1	5	4.189185e-07	86	
2.834516e+06	4	133	1.396395e-08	3696193412	3321237907	1.396395e-08	3187199216	1.396395e-08	
2.972245e+06	2	14	3.407620e-07	39	3330100144	2.230070e-08	
2.982014e+06	1	14	3.630627e-07	3330100144	
2.999677e+06	1	1	5.027022e-07	116	
3.012825e+06	2	3	2.816443e-07	152	310481256	2.556261e-08	
3.268304e+06	1	5	4.468464e-07	125	
3.297907e+06	1	14	3.909906e-07	45	
