2.679752e+02	1	128	5.585580e-08	89	
1.365475e+03	1	1	3.072069e-07	36	
2.144299e+03	1	13	3.072069e-07	96	
3.072436e+03	0	54	2.792790e-08	44	
3.352829e+03	1	8	3.072069e-07	30	
6.659019e+03	1	22	5.585580e-08	19	
1.198014e+04	1	9	3.072069e-07	16	
1.532353e+04	1	7	5.585580e-07	3	
1.774031e+04	1	1	3.351348e-07	123	
2.152046e+04	0	10	2.792790e-07	73	
2.221954e+04	1	2	3.072069e-07	116	
2.489666e+04	1	13	3.351348e-07	71	
3.010509e+04	0	146	2.792790e-08	61	
3.039382e+04	1	13	3.630627e-07	95	
3.452421e+04	1	2	3.351348e-07	148	
3.473637e+04	1	6	3.072069e-07	137	
4.531165e+04	0	146	2.792790e-08	32	
4.820825e+04	1	12	3.072069e-07	48	
4.857971e+04	1	22	8.378370e-08	114	
5.770158e+04	0	75	2.792790e-08	40	
5.941661e+04	0	60	2.792790e-08	52	
6.005771e+04	1	6	3.351348e-07	134	
6.210524e+04	1	152	5.585580e-08	72	
7.161180e+04	1	6	3.630627e-07	56	
7.628805e+04	1	100	5.585580e-08	90	
7.809523e+04	1	10	3.072069e-07	32	
8.191974e+04	1	2	3.630627e-07	85	
8.702226e+04	1	108	5.585580e-08	34	
8.902157e+04	0	52	2.792790e-08	33	
9.153375e+04	1	142	5.585580e-08	42	
1.045471e+05	1	12	3.351348e-07	94	
1.057003e+05	1	9	3.351348e-07	127	
1.089058e+05	0	2	3.630627e-07	25	
1.118064e+05	1	10	3.351348e-07	52	
1.119907e+05	1	9	3.630627e-07	23	
1.126103e+05	1	75	5.585580e-08	40	
1.171593e+05	0	77	2.792790e-08	63	
1.178469e+05	1	129	5.585580e-08	113	
