1.791867e+02	1	120	5.585580e-08	119	
1.751675e+03	1	89	5.585580e-08	21	
2.043279e+03	1	5	3.072069e-07	146	
6.056992e+03	1	1	3.072069e-07	77	
6.150598e+03	0	75	2.792790e-08	54	
8.599677e+03	1	3	3.072069e-07	33	
9.777761e+03	1	4	3.072069e-07	154	
1.016619e+04	1	13	3.072069e-07	68	
2.064349e+04	1	5	5.864859e-07	8	
2.179832e+04	1	118	5.585580e-08	86	
3.197324e+04	1	97	5.585580e-08	19	
5.128326e+04	1	10	3.072069e-07	145	
6.424309e+04	0	2	2.792790e-07	73	
1.174577e+05	0	63	2.792790e-08	27	
1.196919e+05	1	41	5.585580e-08	27	
1.268131e+05	0	70	2.792790e-08	22	
1.312356e+05	1	12	3.072069e-07	65	
3.557410e+05	2	42	3.596073e-08	24	3687573659	1.989507e-08	
4.488189e+05	1	3	3.351348e-07	49	
4.491140e+05	1	6	3.072069e-07	134	
4.554824e+05	1	7	3.072069e-07	54	
5.213688e+05	0	1	3.072069e-07	147	
5.313662e+05	0	11	2.792790e-07	132	
6.057477e+05	1	5	6.144138e-07	110	
7.329275e+05	0	121	2.792790e-08	85	
9.528444e+05	0	126	2.792790e-08	115	
1.075082e+06	1	10	3.351348e-07	125	
1.082968e+06	3	150	2.756788e-08	132	3196256300	1.414396e-08	848448836	1.414396e-08	
1.093209e+06	0	149	2.792790e-08	94	
1.356736e+06	0	149	2.792790e-08	50	
1.468628e+06	3	114	1.396395e-08	93	2211003714	1.396395e-08	2916276788	1.396395e-08	3696193412	1.396395e-08	
1.525398e+06	0	9	2.792790e-07	28	
