3.688161e+02	1	83	5.585580e-08	21	
2.930657e+04	0	103	2.792790e-08	100	
3.139789e+04	1	8	3.072069e-07	123	
4.349729e+04	1	127	5.585580e-08	114	
6.477864e+04	1	3	3.072069e-07	25	
1.027231e+05	1	3	3.351348e-07	108	
1.301639e+05	2	12	4.867645e-07	1	3687573659	1.435870e-08	3196256300	1.435870e-08	848448836	1.435870e-08	2211003714	1.435870e-08	2916276788	1.435870e-08	
2.040406e+05	1	61	5.585580e-08	34	
2.205501e+05	0	136	2.792790e-08	52	
2.393875e+05	1	11	3.072069e-07	76	
2.568097e+05	1	8	3.351348e-07	43	
3.124390e+05	1	3	3.630627e-07	17	
3.281326e+05	1	5	3.072069e-07	52	
4.161245e+05	3	87	2.580030e-08	42	3696193412	1.502775e-08	15308464	1.502775e-08	
4.486538e+05	1	3	3.909906e-07	125	
