2.502752e+02	1	11	3.072069e-07	112	
6.025799e+03	1	57	5.585580e-08	21	
6.144167e+03	1	55	5.585580e-08	31	
1.043951e+04	1	5	3.072069e-07	118	
1.645158e+04	1	11	3.351348e-07	23	
3.428738e+04	1	1	3.072069e-07	85	
4.148473e+04	1	55	8.378370e-08	133	
5.013938e+04	1	96	5.585580e-08	32	
6.882939e+04	1	117	5.585580e-08	62	
7.234779e+04	1	75	5.585580e-08	25	
1.044693e+05	0	76	2.792790e-08	60	
1.152511e+05	2	14	5.019566e-07	4	3687573659	1.415035e-08	3196256300	1.415035e-08	848448836	1.415035e-08	2211003714	1.415035e-08	
1.808868e+05	0	10	2.792790e-07	27	
2.169228e+05	0	11	3.351348e-07	66	
2.324695e+05	0	57	5.585580e-08	100	
2.432266e+05	1	8	3.072069e-07	79	
2.443519e+05	1	8	3.351348e-07	116	
2.512198e+05	2	11	5.694061e-07	10	2916276788	1.500257e-08	3696193412	1.500257e-08	15308464	1.500257e-08	
2.544579e+05	1	8	3.630627e-07	142	
3.301251e+05	0	92	2.792790e-08	15308464	
3.759571e+05	0	143	2.792790e-08	19	
3.879170e+05	1	9	3.072069e-07	139	
4.429732e+05	1	6	3.072069e-07	152	
4.584686e+05	1	7	3.072069e-07	50	
4.864129e+05	0	107	2.792790e-08	93	
5.038832e+05	3	135	1.768054e-08	134	1239307652	1.908763e-08	1945448119	1.908763e-08	
5.384352e+05	1	6	3.351348e-07	131	
5.898944e+05	1	3	3.072069e-07	46	
5.932141e+05	0	91	2.792790e-08	56	
6.027551e+05	3	57	3.857295e-08	98	3396227953	1.507025e-08	3321237907	1.507025e-08	3187199216	1.507025e-08	
7.019759e+05	0	96	5.585580e-08	3321237907	
7.377919e+05	1	11	5.973340e-07	43	
7.473463e+05	1	5	3.351348e-07	48	
7.625997e+05	1	14	5.298845e-07	41	
7.626958e+05	0	8	3.630627e-07	123	
7.753865e+05	0	13	2.792790e-07	149	
8.746176e+05	1	0	1.000000e+00	128	
9.686179e+05	0	5	3.351348e-07	60	
1.087287e+06	2	11	8.510963e-07	9	3330100144	1.781485e-08	310481256	1.781485e-08	817087088	1.781485e-08	
1.153668e+06	1	5	3.630627e-07	146	
1.231996e+06	1	8	3.909906e-07	130	
1.268805e+06	0	93	2.792790e-08	74	
1.287124e+06	1	5	3.909906e-07	20	
1.356500e+06	2	13	2.941277e-07	57	551137729	2.372426e-08	
1.440335e+06	0	5	3.909906e-07	71	
1.455456e+06	1	8	4.189185e-07	97	
1.591892e+06	1	7	3.351348e-07	71	
