2.273949e+02	1	138	5.585580e-08	52	
3.269985e+02	0	152	2.792790e-08	28	
5.217511e+02	1	73	5.585580e-08	15	
1.243441e+03	1	116	5.585580e-08	19	
1.466412e+03	1	12	3.072069e-07	53	
1.536861e+03	0	82	2.792790e-08	28	
3.606322e+03	1	4	3.072069e-07	132	
3.777851e+03	1	11	3.072069e-07	59	
4.665643e+03	0	137	2.792790e-08	112	
6.240264e+03	1	2	3.072069e-07	119	
7.024852e+03	0	133	2.792790e-08	42	
1.302828e+04	1	13	3.072069e-07	67	
1.364907e+04	1	123	5.585580e-08	23	
1.529805e+04	0	14	2.792790e-07	139	
1.561070e+04	1	14	3.072069e-07	139	
1.839014e+04	1	113	5.585580e-08	91	
1.854656e+04	1	8	3.072069e-07	43	
2.326102e+04	1	143	5.585580e-08	76	
2.852675e+04	0	73	5.585580e-08	61	
3.360703e+04	1	63	5.585580e-08	46	
3.398510e+04	1	14	3.351348e-07	98	
3.513357e+04	0	99	2.792790e-08	49	
4.162790e+04	0	152	2.792790e-08	133	
4.881106e+04	1	10	3.072069e-07	64	
5.017865e+04	1	63	8.378370e-08	152	
5.122546e+04	1	112	5.585580e-08	66	
5.202155e+04	1	112	8.378370e-08	33	
5.535096e+04	0	63	8.378370e-08	42	
6.765470e+04	1	4	3.351348e-07	94	
6.861110e+04	1	6	3.072069e-07	90	
7.690234e+04	0	12	3.072069e-07	88	
7.737027e+04	1	112	1.117116e-07	107	
9.115255e+04	1	99	5.585580e-08	80	
1.051240e+05	1	4	3.630627e-07	31	
1.084124e+05	0	86	2.792790e-08	24	
1.289636e+05	0	10	3.072069e-07	8	
1.311205e+05	1	12	3.351348e-07	84	
1.399184e+05	0	138	5.585580e-08	97	
1.404128e+05	0	151	2.792790e-08	136	
1.459053e+05	1	12	3.630627e-07	78	
1.468481e+05	0	113	5.585580e-08	17	
1.480978e+05	0	99	5.585580e-08	71	
