1.024747e+02	1	9	3.072069e-07	64	
3.410140e+02	0	90	2.792790e-08	67	
4.520372e+02	1	9	3.351348e-07	71	
2.201822e+03	1	51	5.585580e-08	38	
3.483207e+03	1	66	5.585580e-08	59	
3.647816e+03	1	121	5.585580e-08	75	
3.744940e+03	1	11	3.072069e-07	105	
5.547034e+03	1	102	5.585580e-08	90	
6.661339e+03	1	11	3.351348e-07	35	
1.010187e+04	1	5	3.072069e-07	103	
1.063907e+04	1	92	5.585580e-08	78	
1.100907e+04	1	4	3.072069e-07	36	
1.158034e+04	1	12	3.072069e-07	100	
1.361065e+04	1	121	8.378370e-08	63	
1.413354e+04	1	11	3.630627e-07	31	
1.737895e+04	1	13	3.072069e-07	53	
1.894848e+04	0	43	2.792790e-08	15	
2.222577e+04	1	3	3.072069e-07	46	
2.408001e+04	1	9	3.630627e-07	109	
3.527476e+04	1	136	5.585580e-08	67	
3.582170e+04	0	5	3.072069e-07	20	
4.103228e+04	0	9	3.630627e-07	45	
4.539231e+04	1	12	3.351348e-07	21	
4.730302e+04	1	11	3.909906e-07	19	
4.913609e+04	0	66	5.585580e-08	150	
4.921546e+04	1	51	8.378370e-08	18	
5.503647e+04	1	144	5.585580e-08	62	
5.560752e+04	1	5	3.351348e-07	147	
6.099216e+04	0	11	3.909906e-07	40	
6.478968e+04	1	11	4.189185e-07	70	
6.727963e+04	0	3	3.072069e-07	151	
7.117558e+04	0	98	2.792790e-08	96	
7.414992e+04	0	73	2.792790e-08	20	
9.083426e+04	0	3	3.072069e-07	104	
1.010003e+05	0	133	2.792790e-08	44	
1.173020e+05	1	34	5.585580e-08	25	
1.174759e+05	1	12	3.630627e-07	98	
1.291038e+05	1	10	3.072069e-07	113	
