8.672940e+03	0	124	2.792790e-08	42	
1.853616e+04	1	1	3.072069e-07	134	
2.305609e+04	1	11	3.072069e-07	115	
2.713470e+04	0	148	2.792790e-08	69	
4.214723e+04	1	1	5.864859e-07	3	
7.711858e+04	1	1	6.144138e-07	37	
9.319309e+04	1	14	3.072069e-07	107	
1.478939e+05	0	106	2.792790e-08	104	
1.634928e+05	1	1	6.423417e-07	136	
1.911172e+05	1	89	5.585580e-08	46	
2.618985e+05	1	150	5.585580e-08	100	
2.778013e+05	1	1	6.702696e-07	98	
2.942133e+05	0	7	2.792790e-07	4	
3.043506e+05	1	11	3.351348e-07	18	
3.506425e+05	0	90	2.792790e-08	41	
3.671998e+05	2	146	3.413207e-08	34	3687573659	2.172373e-08	
3.859197e+05	3	143	1.721578e-08	54	3196256300	1.932001e-08	848448836	1.932001e-08	
3.946756e+05	1	4	3.072069e-07	148	
4.394173e+05	1	1	6.981975e-07	62	
4.698539e+05	2	4	5.174203e-07	12	2211003714	1.726640e-08	2916276788	1.726640e-08	3696193412	1.726640e-08	15308464	1.726640e-08	
5.262366e+05	0	132	2.792790e-08	118	
