1.761746e+03	1	142	5.585580e-08	79	
2.257544e+03	1	152	5.585580e-08	30	
3.624960e+03	1	1	3.072069e-07	100	
4.833958e+03	1	13	3.072069e-07	58	
4.836573e+03	1	13	3.351348e-07	34	
6.118978e+03	1	138	5.585580e-08	16	
7.272240e+03	1	13	3.630627e-07	21	
8.145634e+03	1	9	3.072069e-07	148	
1.024020e+04	1	13	3.909906e-07	147	
1.081699e+04	0	143	2.792790e-08	20	
1.332645e+04	1	4	3.072069e-07	118	
1.975624e+04	1	3	3.072069e-07	84	
2.100679e+04	1	143	5.585580e-08	64	
2.398700e+04	1	144	5.585580e-08	88	
3.262687e+04	1	137	5.585580e-08	130	
3.315351e+04	1	8	3.351348e-07	144	
3.665917e+04	1	13	4.189185e-07	44	
4.016130e+04	0	4	3.072069e-07	75	
4.466689e+04	2	4	5.671284e-07	7	3687573659	1.935745e-08	
4.770314e+04	1	9	3.351348e-07	55	
4.881149e+04	0	143	5.585580e-08	142	
5.302101e+04	0	13	4.189185e-07	56	
5.422399e+04	0	56	2.792790e-08	31	
6.441352e+04	1	4	5.950563e-07	108	
6.747689e+04	1	9	3.630627e-07	31	
6.821625e+04	1	75	5.585580e-08	45	
6.828182e+04	1	3	3.351348e-07	82	
6.934407e+04	1	13	4.468464e-07	26	
6.960394e+04	2	1	5.619914e-07	11	3196256300	2.449450e-08	
7.365656e+04	1	4	6.229842e-07	129	
8.085458e+04	1	13	4.747743e-07	29	
8.142423e+04	1	13	5.027022e-07	20	
8.265141e+04	0	154	2.792790e-08	102	
1.121840e+05	1	1	5.899193e-07	37	
1.418722e+05	0	87	2.792790e-08	49	
1.499144e+05	0	13	5.027022e-07	137	
1.515420e+05	0	8	3.351348e-07	112	
1.517570e+05	1	14	3.072069e-07	35	
1.652373e+05	1	14	3.351348e-07	91	
1.696883e+05	1	4	6.509121e-07	96	
1.775019e+05	1	13	5.306301e-07	54	
1.824962e+05	1	4	6.788400e-07	101	
1.890762e+05	1	66	5.585580e-08	51	
