5.290288e+01	1	3	3.072069e-07	109	
1.607641e+03	0	5	2.792790e-07	25	
1.702392e+03	1	3	3.351348e-07	44	
6.688229e+03	0	2	2.792790e-07	66	
9.473650e+03	1	2	3.072069e-07	33	
1.022343e+04	1	12	3.072069e-07	150	
1.163602e+04	1	10	3.072069e-07	37	
1.746981e+04	1	85	5.585580e-08	23	
1.846241e+04	1	2	3.351348e-07	86	
2.036990e+04	1	36	5.585580e-08	34	
2.100963e+04	1	141	5.585580e-08	126	
2.202807e+04	0	83	2.792790e-08	65	
2.258079e+04	1	100	5.585580e-08	68	
2.390639e+04	1	10	3.351348e-07	20	
3.342508e+04	1	2	3.630627e-07	105	
3.412784e+04	0	2	3.630627e-07	77	
3.480154e+04	1	1	3.072069e-07	40	
3.559848e+04	1	2	3.909906e-07	64	
3.616893e+04	1	13	3.072069e-07	139	
3.733691e+04	0	151	2.792790e-08	30	
3.807565e+04	1	102	5.585580e-08	67	
3.960172e+04	0	2	3.909906e-07	6	
4.552014e+04	2	66	4.028307e-08	28	3687573659	1.557273e-08	
4.638158e+04	1	102	8.378370e-08	118	
4.687812e+04	1	2	6.702696e-07	6	
4.863157e+04	0	5	2.792790e-07	87	
5.202454e+04	1	14	3.072069e-07	88	
5.263027e+04	1	9	3.072069e-07	94	
5.553806e+04	1	5	3.072069e-07	87	
7.909927e+04	1	9	3.351348e-07	145	
8.318684e+04	1	97	5.585580e-08	60	
8.450357e+04	0	14	3.072069e-07	123	
9.025946e+04	0	14	3.072069e-07	21	
1.028766e+05	0	136	2.792790e-08	128	
1.041130e+05	1	7	3.072069e-07	152	
1.085140e+05	1	114	5.585580e-08	30	
1.159868e+05	0	103	2.792790e-08	48	
1.446414e+05	1	119	5.585580e-08	50	
1.453849e+05	1	117	5.585580e-08	70	
1.464937e+05	0	10	3.351348e-07	103	
