2.842699e+02	1	3	3.072069e-07	21	
7.509688e+02	1	139	5.585580e-08	94	
1.508868e+03	0	47	2.792790e-08	24	
7.555689e+03	1	12	3.072069e-07	40	
8.114292e+03	1	13	3.072069e-07	28	
1.519564e+04	0	3	3.072069e-07	142	
1.875084e+04	1	131	5.585580e-08	83	
1.993766e+04	1	5	3.072069e-07	136	
2.009904e+04	0	142	2.792790e-08	112	
2.036738e+04	1	153	5.585580e-08	146	
2.281634e+04	1	2	3.072069e-07	15	
2.734394e+04	1	5	3.351348e-07	143	
3.159136e+04	1	98	5.585580e-08	76	
3.622038e+04	0	1	2.792790e-07	82	
3.867343e+04	1	2	3.351348e-07	82	
4.250414e+04	1	2	3.630627e-07	48	
4.273257e+04	1	3	3.351348e-07	121	
5.392783e+04	1	3	3.630627e-07	65	
5.695806e+04	1	3	3.909906e-07	87	
5.956245e+04	0	12	3.072069e-07	142	
6.122470e+04	0	132	2.792790e-08	23	
6.129411e+04	0	132	2.792790e-08	23	
6.169105e+04	1	1	3.072069e-07	22	
6.517198e+04	1	85	5.585580e-08	55	
1.038318e+05	0	116	2.792790e-08	79	
1.077311e+05	0	98	5.585580e-08	88	
1.155488e+05	0	103	2.792790e-08	18	
1.268332e+05	0	14	2.792790e-07	129	
1.353467e+05	1	14	3.072069e-07	99	
1.654330e+05	1	12	3.351348e-07	60	
1.691756e+05	1	11	3.072069e-07	128	
1.750183e+05	1	11	5.864859e-07	7	
1.865990e+05	1	126	5.585580e-08	57	
1.875216e+05	1	9	3.072069e-07	23	
1.876519e+05	0	142	2.792790e-08	47	
2.047848e+05	2	110	3.956096e-08	96	3687573659	1.629484e-08	
2.059366e+05	0	114	2.792790e-08	105	
2.093570e+05	1	4	3.072069e-07	34	
2.433827e+05	2	98	6.667125e-08	61	3196256300	1.711245e-08	
2.449729e+05	1	1	3.351348e-07	109	
2.818464e+05	0	4	3.072069e-07	45	
2.943125e+05	1	12	3.630627e-07	36	
3.145595e+05	0	130	2.792790e-08	101	
3.178913e+05	1	1	3.522472e-07	3196256300	
3.505855e+05	1	3	4.189185e-07	114	
3.524006e+05	2	92	3.421295e-08	56	848448836	2.164285e-08	
