8.778448e+01	1	97	5.585580e-08	40	
5.648177e+02	1	104	5.585580e-08	92	
1.107769e+03	1	121	5.585580e-08	101	
2.605791e+03	1	12	3.072069e-07	15	
3.235260e+03	1	3	3.072069e-07	143	
3.418635e+03	1	2	3.072069e-07	53	
4.145816e+03	1	39	5.585580e-08	28	
5.272256e+03	1	7	3.072069e-07	48	
8.790764e+03	1	9	3.072069e-07	99	
9.143770e+03	1	109	5.585580e-08	76	
1.118057e+04	1	12	3.351348e-07	140	
1.256773e+04	1	1	3.072069e-07	86	
1.818412e+04	1	69	5.585580e-08	61	
2.207849e+04	1	113	5.585580e-08	36	
2.660988e+04	0	8	2.792790e-07	134	
2.667866e+04	1	4	3.072069e-07	146	
2.985155e+04	0	121	5.585580e-08	39	
3.345556e+04	1	119	5.585580e-08	20	
3.358152e+04	0	10	2.792790e-07	60	
3.577715e+04	1	130	5.585580e-08	45	
3.843197e+04	0	77	2.792790e-08	47	
3.882387e+04	1	4	5.864859e-07	10	
4.457642e+04	1	14	3.072069e-07	50	
5.008534e+04	1	119	8.378370e-08	123	
5.029987e+04	1	9	3.351348e-07	22	
6.239209e+04	1	3	3.351348e-07	152	
6.377025e+04	1	149	5.585580e-08	115	
7.065464e+04	0	4	5.864859e-07	150	
7.337228e+04	0	1	3.072069e-07	151	
7.388871e+04	1	4	6.144138e-07	19	
7.427181e+04	0	113	5.585580e-08	151	
7.914128e+04	0	9	3.351348e-07	43	
8.925973e+04	1	9	3.630627e-07	43	
9.228498e+04	0	83	2.792790e-08	42	
9.618022e+04	0	1	3.072069e-07	32	
9.687739e+04	1	4	6.423417e-07	122	
