9.759266e+01	1	123	5.585580e-08	46	
4.652189e+03	1	8	3.072069e-07	29	
1.466738e+04	1	14	5.585580e-07	1	
3.344671e+04	1	5	3.072069e-07	124	
4.218769e+04	1	3	3.072069e-07	95	
8.443518e+04	1	10	3.072069e-07	22	
9.613034e+04	0	3	3.072069e-07	73	
1.314583e+05	1	8	3.351348e-07	102	
1.398854e+05	1	148	5.585580e-08	37	
1.728565e+05	1	8	3.630627e-07	153	
2.012282e+05	1	9	3.072069e-07	151	
2.032742e+05	1	6	3.072069e-07	119	
2.263644e+05	3	144	1.396395e-08	77	3687573659	1.396395e-08	3196256300	1.396395e-08	848448836	1.396395e-08	
2.363939e+05	0	98	2.792790e-08	67	
2.402813e+05	0	12	2.792790e-07	107	
2.536798e+05	1	14	5.864859e-07	89	
3.002320e+05	1	14	6.144138e-07	97	
3.930618e+05	0	137	2.792790e-08	91	
5.259063e+05	3	92	2.564414e-08	30	2211003714	1.510583e-08	2916276788	1.510583e-08	
