1.387688e+03	1	14	3.072069e-07	131	
4.954254e+03	1	9	3.072069e-07	126	
6.681002e+03	1	14	5.864859e-07	7	
1.696069e+04	2	14	8.020084e-07	10	3687573659	1.593913e-08	3196256300	1.593913e-08	848448836	1.593913e-08	2211003714	1.593913e-08	
1.867190e+04	1	11	3.072069e-07	29	
2.409753e+04	1	9	3.351348e-07	53	
2.971857e+04	1	4	3.072069e-07	98	
3.524765e+04	1	69	5.585580e-08	15	
4.193284e+04	0	121	2.792790e-08	73	
8.048357e+04	1	14	8.299363e-07	81	
1.045764e+05	1	70	5.585580e-08	35	
1.248658e+05	3	62	2.715915e-08	2211003714	2916276788	1.670787e-08	
1.309210e+05	1	5	3.072069e-07	85	
1.325569e+05	0	57	2.792790e-08	32	
1.504957e+05	2	14	1.049511e-06	1	3696193412	1.492615e-08	15308464	1.492615e-08	1239307652	1.492615e-08	1945448119	1.492615e-08	
1.849826e+05	1	11	3.351348e-07	32	
1.932716e+05	1	14	1.064437e-06	15308464	
2.555880e+05	0	4	3.072069e-07	69	
3.025679e+05	1	14	1.092365e-06	77	
3.195424e+05	1	3	3.072069e-07	76	
4.303727e+05	3	109	1.974149e-08	71	3396227953	1.805716e-08	3321237907	1.805716e-08	
5.219759e+05	1	14	1.120293e-06	145	
5.311789e+05	1	132	5.585580e-08	25	
6.282247e+05	1	14	1.148221e-06	148	
7.603557e+05	1	14	1.166278e-06	3321237907	
7.642170e+05	0	74	2.792790e-08	42	
7.770073e+05	1	3	3.231460e-07	848448836	
7.927794e+05	0	124	2.792790e-08	48	
8.042504e+05	0	95	2.792790e-08	33	
9.097112e+05	1	14	1.194206e-06	107	
1.186045e+06	3	42	1.396395e-08	109	3187199216	1.685272e-08	3330100144	1.685272e-08	
1.254797e+06	4	78	1.396395e-08	47	310481256	1.396395e-08	817087088	1.396395e-08	551137729	1.396395e-08	
1.316652e+06	0	14	1.194206e-06	105	
1.392367e+06	0	13	2.792790e-07	150	
1.479010e+06	0	113	2.792790e-08	1239307652	
1.559985e+06	4	19	1.396395e-08	817087088	1218250404	1.396395e-08	1035956119	1.396395e-08	
1.716573e+06	1	0	1.000000e+00	103	
1.736155e+06	0	150	2.792790e-08	84	
1.765559e+06	1	14	1.209132e-06	3696193412	
1.828119e+06	2	9	3.566406e-07	70	1211996162	1.717498e-08	188552836	1.717498e-08	
1.840452e+06	1	12	3.072069e-07	140	
1.966256e+06	2	3	3.369740e-07	113	2029773149	1.409994e-08	
2.105050e+06	3	118	1.396395e-08	3187199216	302486611	1.540833e-08	1842102965	1.540833e-08	
2.137771e+06	1	302486611	2.937228e-08	118	
2.309052e+06	3	97	1.396395e-08	3330100144	1285693762	1.540833e-08	1078741991	1.540833e-08	
2.347650e+06	3	151	1.396395e-08	129	2723643411	1.396395e-08	1804212609	1.396395e-08	438292632	1.396395e-08	
2.466717e+06	1	0	1.000000e+00	101	
2.482998e+06	3	104	1.396395e-08	26	2001290253	1.396395e-08	3147695692	1.396395e-08	3179285865	1.396395e-08	
2.608513e+06	1	14	1.223096e-06	2001290253	
2.658751e+06	1	0	1.000000e+00	61	
2.708374e+06	0	48	2.792790e-08	17	
2.902330e+06	3	116	1.396395e-08	28	2173231515	1.396395e-08	740082705	1.396395e-08	2795063678	1.396395e-08	
2.967655e+06	1	0	1.000000e+00	91	
3.067308e+06	4	59	1.396395e-08	3147695692	3642829293	1.396395e-08	2707128518	1.396395e-08	
3.092078e+06	1	14	1.251024e-06	135	
3.252557e+06	0	86	2.792790e-08	188552836	
3.515578e+06	0	3	3.369740e-07	1285693762	
3.597967e+06	1	0	1.000000e+00	92	
3.892988e+06	4	138	1.396395e-08	1035956119	474866315	1.396395e-08	1639799867	1.396395e-08	
