2.812323e+02	1	5	3.072069e-07	107	
1.432634e+03	1	13	3.072069e-07	145	
5.194639e+03	1	9	3.072069e-07	154	
7.612181e+03	1	7	3.072069e-07	83	
9.681744e+03	1	11	3.072069e-07	53	
1.599927e+04	0	70	2.792790e-08	61	
2.189890e+04	1	4	3.072069e-07	22	
2.222827e+04	1	128	5.585580e-08	78	
6.323346e+04	0	4	3.072069e-07	109	
6.333137e+04	1	7	3.351348e-07	59	
6.602581e+04	1	7	3.630627e-07	71	
7.059975e+04	1	81	5.585580e-08	49	
7.324384e+04	1	9	3.351348e-07	105	
8.022346e+04	1	140	5.585580e-08	64	
9.961760e+04	1	130	5.585580e-08	26	
1.213286e+05	1	7	3.909906e-07	16	
1.230323e+05	2	108	4.018593e-08	98	3687573659	1.566987e-08	
1.459526e+05	1	8	5.585580e-07	1	
2.766798e+05	1	14	3.072069e-07	99	
3.650627e+05	2	5	5.127644e-07	6	3196256300	1.474430e-08	848448836	1.474430e-08	2211003714	1.474430e-08	2916276788	1.474430e-08	3696193412	1.474430e-08	
3.716620e+05	2	137	3.732783e-08	57	15308464	1.852797e-08	
4.300994e+05	1	5	5.275087e-07	3696193412	
4.958230e+05	0	67	2.792790e-08	43	
5.049102e+05	1	4	3.219512e-07	3196256300	
5.472452e+05	0	97	2.792790e-08	68	
5.893667e+05	0	61	2.792790e-08	51	
5.952647e+05	3	60	1.396395e-08	28	1239307652	1.396395e-08	1945448119	1.396395e-08	3396227953	1.396395e-08	
7.144422e+05	1	113	5.585580e-08	96	
1.021768e+06	0	2	2.792790e-07	30	
1.025470e+06	2	8	1.008661e-06	5	3321237907	1.548106e-08	3187199216	1.548106e-08	3330100144	1.548106e-08	310481256	1.548106e-08	817087088	1.548106e-08	
1.042874e+06	1	2	3.072069e-07	19	
1.048334e+06	0	3687573659	1.566987e-08	2211003714	
1.102982e+06	0	9	3.351348e-07	55	
1.322533e+06	1	8	1.024142e-06	310481256	
1.340418e+06	1	7	6.702696e-07	10	
1.411109e+06	1	8	1.052070e-06	85	
