6.266636e+03	1	11	3.072069e-07	100	
8.947590e+03	1	1	3.072069e-07	52	
1.580460e+04	0	154	2.792790e-08	134	
1.713583e+04	1	111	5.585580e-08	79	
2.131227e+04	1	6	3.072069e-07	24	
2.162249e+04	0	87	2.792790e-08	83	
4.657877e+04	1	4	3.072069e-07	45	
5.375556e+04	1	1	3.351348e-07	60	
5.656738e+04	0	136	2.792790e-08	126	
7.508367e+04	1	12	5.585580e-07	8	
1.534277e+05	1	11	3.351348e-07	128	
1.767478e+05	1	11	3.630627e-07	152	
1.830679e+05	1	85	5.585580e-08	16	
2.270122e+05	0	12	5.585580e-07	117	
2.671448e+05	0	85	5.585580e-08	105	
2.718284e+05	2	12	7.374835e-07	6	3687573659	1.425349e-08	3196256300	1.425349e-08	848448836	1.425349e-08	2211003714	1.425349e-08	2916276788	1.425349e-08	3696193412	1.425349e-08	15308464	1.425349e-08	1239307652	1.425349e-08	1945448119	1.425349e-08	
2.767312e+05	1	3	3.072069e-07	43	
2.854816e+05	0	114	2.792790e-08	58	
3.083397e+05	1	3	3.351348e-07	107	
3.575646e+05	1	1	6.144138e-07	10	
5.154478e+05	1	11	3.909906e-07	35	
5.536794e+05	1	12	7.654114e-07	55	
6.117527e+05	1	12	7.796649e-07	1945448119	
6.125406e+05	0	12	7.796649e-07	147	
6.696448e+05	0	73	2.792790e-08	17	
7.365476e+05	3	148	2.125745e-08	27	3396227953	1.729918e-08	3321237907	1.729918e-08	
7.460817e+05	2	13	4.949735e-07	7	3187199216	1.589612e-08	3330100144	1.589612e-08	310481256	1.589612e-08	817087088	1.589612e-08	
7.462009e+05	1	0	1.000000e+00	149	
7.508204e+05	1	13	5.108696e-07	310481256	
8.451653e+05	3	120	1.396395e-08	57	551137729	1.396395e-08	1218250404	1.396395e-08	1035956119	1.396395e-08	
8.947320e+05	0	68	2.792790e-08	120	
9.261060e+05	0	4	3.072069e-07	15308464	
9.360707e+05	2	4	3.204416e-07	102	1211996162	1.469321e-08	
9.866583e+05	1	5	3.072069e-07	138	
1.046482e+06	4	76	1.396395e-08	817087088	188552836	1.493003e-08	2029773149	1.493003e-08	
1.066024e+06	0	12	7.796649e-07	17	
1.097599e+06	0	114	2.792790e-08	105	
1.191542e+06	1	0	1.000000e+00	119	
1.238741e+06	1	0	1.000000e+00	81	
1.242528e+06	0	110	2.792790e-08	37	
1.282361e+06	4	103	1.396395e-08	1218250404	302486611	1.396395e-08	1842102965	1.396395e-08	
