5.153151e+00	1	4	3.072069e-07	145	
1.563544e+02	1	9	3.072069e-07	29	
4.035359e+02	1	32	5.585580e-08	25	
1.856024e+04	1	13	3.072069e-07	87	
7.580409e+04	0	41	2.792790e-08	21	
8.131573e+04	1	8	3.072069e-07	66	
1.147573e+05	0	2	2.792790e-07	119	
1.795463e+05	1	144	5.585580e-08	82	
2.140977e+05	0	148	2.792790e-08	94	
2.232158e+05	1	10	3.072069e-07	60	
6.564289e+05	0	1	2.792790e-07	115	
7.602764e+05	0	11	2.792790e-07	129	
8.435815e+05	1	9	3.351348e-07	27	
1.004002e+06	1	0	1.000000e+00	80	
1.018943e+06	2	6	2.850579e-07	55	3687573659	2.214899e-08	
1.067157e+06	1	14	3.072069e-07	21	
1.095620e+06	1	3	3.072069e-07	93	
1.147568e+06	0	148	2.792790e-08	143	
1.172443e+06	0	146	2.792790e-08	19	
1.217559e+06	0	76	2.792790e-08	38	
1.235706e+06	3	89	1.396395e-08	24	3196256300	1.396395e-08	848448836	1.396395e-08	2211003714	1.396395e-08	
1.380123e+06	1	0	1.000000e+00	133	
1.380866e+06	0	12	2.792790e-07	2	
1.419115e+06	0	134	2.792790e-08	57	
1.604729e+06	1	10	3.351348e-07	62	
1.610877e+06	1	0	1.000000e+00	42	
1.739458e+06	2	6	2.967704e-07	54	2916276788	1.621541e-08	
1.755029e+06	3	105	2.610371e-08	94	3696193412	1.487604e-08	15308464	1.487604e-08	
1.856897e+06	1	2	3.072069e-07	46	
1.890379e+06	1	4	3.351348e-07	129	
2.096293e+06	1	6	3.246983e-07	45	
2.289580e+06	1	4	3.630627e-07	67	
2.341091e+06	1	0	1.000000e+00	39	
2.446740e+06	1	1	3.072069e-07	43	
2.562095e+06	1	0	1.000000e+00	109	
2.585191e+06	1	0	1.000000e+00	37	
2.639211e+06	4	127	1.396395e-08	58	1239307652	1.396395e-08	1945448119	1.396395e-08	3396227953	1.396395e-08	
2.803043e+06	1	13	3.351348e-07	126	
2.840329e+06	4	17	1.396395e-08	105	3321237907	2.003383e-08	3187199216	2.003383e-08	
2.916938e+06	0	83	2.792790e-08	68	
2.966628e+06	0	152	2.792790e-08	36	
3.009370e+06	4	34	1.396395e-08	33	3330100144	1.396395e-08	310481256	1.396395e-08	817087088	1.396395e-08	
3.017713e+06	2	122	3.732602e-08	110	551137729	1.852978e-08	
3.113432e+06	1	0	1.000000e+00	16	
