1.930296e+03	0	111	2.792790e-08	26	
2.031448e+03	1	5	3.072069e-07	141	
2.427163e+03	1	5	3.351348e-07	125	
2.799891e+03	1	79	5.585580e-08	40	
3.375991e+03	1	5	3.630627e-07	85	
4.576445e+03	0	9	2.792790e-07	95	
9.348320e+03	1	79	8.378370e-08	38	
9.485189e+03	1	8	3.072069e-07	136	
1.081284e+04	1	5	3.909906e-07	91	
1.578400e+04	1	13	3.630627e-07	79	
1.723827e+04	1	9	3.072069e-07	116	
2.395889e+04	0	138	2.792790e-08	15	
2.571333e+04	1	6	3.072069e-07	98	
2.615457e+04	1	41	5.585580e-08	32	
3.002069e+04	1	12	3.072069e-07	48	
3.295646e+04	0	33	2.792790e-08	18	
3.542150e+04	1	10	3.072069e-07	51	
3.562143e+04	1	9	3.351348e-07	121	
3.646770e+04	2	9	6.067927e-07	10	3687573659	1.777451e-08	3196256300	1.777451e-08	
3.674475e+04	0	1	2.792790e-07	81	
3.777291e+04	1	142	5.585580e-08	16	
3.825346e+04	0	153	2.792790e-08	149	
4.269957e+04	1	11	3.072069e-07	75	
4.511641e+04	1	154	5.585580e-08	138	
4.830830e+04	1	9	6.245672e-07	3687573659	
5.192454e+04	1	7	3.072069e-07	63	
5.504635e+04	1	154	1.117116e-07	41	
6.124900e+04	1	9	6.524951e-07	62	
7.344012e+04	1	149	5.585580e-08	122	
8.680642e+04	0	6	3.072069e-07	149	
9.627891e+04	1	7	3.351348e-07	52	
9.751438e+04	0	115	2.792790e-08	37	
9.816691e+04	0	74	2.792790e-08	69	
1.022823e+05	0	152	2.792790e-08	146	
1.052427e+05	1	7	3.630627e-07	144	
1.146837e+05	1	12	3.351348e-07	134	
1.257585e+05	1	5	4.189185e-07	39	
1.257940e+05	1	13	3.909906e-07	95	
1.269298e+05	1	13	4.189185e-07	115	
1.333300e+05	1	14	3.072069e-07	102	
1.431735e+05	1	8	3.351348e-07	58	
1.514465e+05	0	152	2.792790e-08	86	
1.537678e+05	2	12	5.857548e-07	4	848448836	1.432951e-08	2211003714	1.432951e-08	
1.549257e+05	1	8	3.630627e-07	119	
1.562731e+05	1	97	5.585580e-08	54	
1.593735e+05	0	14	3.072069e-07	22	
1.601784e+05	1	140	5.585580e-08	73	
1.660492e+05	0	114	2.792790e-08	37	
1.684434e+05	1	6	3.630627e-07	140	
