2.072192e+03	1	80	5.585580e-08	69	
1.025909e+04	1	10	3.072069e-07	108	
1.851824e+04	1	139	5.585580e-08	79	
2.950415e+04	0	137	2.792790e-08	105	
6.693226e+04	0	4	2.792790e-07	127	
6.988901e+04	1	132	5.585580e-08	31	
7.574974e+04	1	103	5.585580e-08	19	
8.374116e+04	1	4	3.072069e-07	33	
1.442716e+05	2	12	5.029064e-07	11	3687573659	1.855052e-08	3196256300	1.855052e-08	848448836	1.855052e-08	
1.734504e+05	1	1	3.072069e-07	141	
2.136907e+05	1	120	5.585580e-08	92	
2.317469e+05	1	7	3.072069e-07	64	
2.357708e+05	0	7	3.072069e-07	18	
2.586965e+05	0	7	3.072069e-07	78	
2.798947e+05	1	7	3.351348e-07	35	
3.102339e+05	3	82	2.445719e-08	20	2211003714	1.569931e-08	2916276788	1.569931e-08	
3.266188e+05	1	23	5.238509e-08	82	
3.460589e+05	0	7	3.351348e-07	78	
3.701116e+05	0	10	3.072069e-07	4	
4.199753e+05	1	848448836	3.710103e-08	3687573659	
4.312909e+05	0	147	2.792790e-08	67	
4.398807e+05	0	140	2.792790e-08	100	
4.839042e+05	1	14	3.072069e-07	65	
