3.519795e+01	1	91	5.585580e-08	44	
5.162219e+03	1	10	3.072069e-07	64	
1.286853e+04	1	10	5.864859e-07	2	
2.475308e+04	1	142	5.585580e-08	40	
2.698572e+04	1	6	3.072069e-07	70	
3.220531e+04	1	91	8.378370e-08	146	
4.531573e+04	1	91	1.117116e-07	73	
4.693888e+04	0	6	3.072069e-07	19	
5.840037e+04	0	145	2.792790e-08	128	
6.132534e+04	1	8	3.072069e-07	112	
8.749462e+04	1	10	6.144138e-07	140	
9.334238e+04	1	3	3.072069e-07	21	
1.033823e+05	0	134	2.792790e-08	24	
1.047010e+05	0	62	2.792790e-08	30	
1.200873e+05	1	119	5.585580e-08	115	
1.384391e+05	0	8	3.072069e-07	20	
1.642044e+05	1	10	6.423417e-07	139	
1.668844e+05	1	10	6.702696e-07	36	
1.958862e+05	0	6	3.072069e-07	56	
2.850290e+05	1	5	3.072069e-07	80	
2.997096e+05	1	143	5.585580e-08	24	
3.164337e+05	1	8	3.351348e-07	121	
3.836800e+05	1	6	5.864859e-07	13	
4.024235e+05	2	11	5.037764e-07	9	3687573659	1.826053e-08	3196256300	1.826053e-08	848448836	1.826053e-08	
4.480934e+05	1	12	3.072069e-07	150	
4.961248e+05	1	116	5.585580e-08	60	
4.968833e+05	0	10	6.702696e-07	93	
5.078691e+05	0	7	2.792790e-07	63	
5.314009e+05	0	10	6.702696e-07	93	
5.778734e+05	1	106	5.585580e-08	22	
5.946813e+05	1	10	6.981975e-07	129	
6.869799e+05	1	6	6.144138e-07	69	
6.961474e+05	2	41	3.566461e-08	38	2211003714	2.019119e-08	
7.018303e+05	0	4	2.792790e-07	78	
7.087580e+05	0	6	6.144138e-07	126	
7.180306e+05	1	10	7.261254e-07	26	
7.206111e+05	3	125	2.150073e-08	124	2916276788	1.717754e-08	3696193412	1.717754e-08	
9.187315e+05	1	10	7.540533e-07	83	
1.007272e+06	0	141	2.792790e-08	103	
1.007562e+06	0	6	6.144138e-07	12	
1.062102e+06	1	0	1.000000e+00	89	
1.104352e+06	1	3	3.351348e-07	72	
1.131558e+06	3	117	1.396395e-08	77	15308464	1.396395e-08	1239307652	1.396395e-08	1945448119	1.396395e-08	
1.274739e+06	0	10	7.540533e-07	68	
1.561500e+06	1	12	3.351348e-07	39	
1.680367e+06	1	12	3.566355e-07	125	
1.758737e+06	1	0	1.000000e+00	49	
1.859949e+06	1	6	6.423417e-07	71	
1.862999e+06	3	87	1.396395e-08	82	3396227953	1.396395e-08	3321237907	1.396395e-08	3187199216	1.396395e-08	
1.982321e+06	0	12	3.566355e-07	19	
2.036001e+06	0	11	5.037764e-07	122	
2.304514e+06	2	6	8.935995e-07	12	3330100144	1.505396e-08	310481256	1.505396e-08	817087088	1.505396e-08	551137729	1.505396e-08	1218250404	1.505396e-08	1035956119	1.505396e-08	1211996162	1.505396e-08	
2.475628e+06	3	7	2.692549e-07	63	188552836	1.897598e-08	2029773149	1.897598e-08	
2.600101e+06	0	47	2.792790e-08	310481256	
2.620353e+06	0	6	8.935995e-07	3321237907	
2.652287e+06	1	0	1.000000e+00	101	
