4.938849e+03	1	92	5.585580e-08	23	
5.277049e+03	1	136	5.585580e-08	39	
6.611195e+03	1	5	3.072069e-07	95	
1.204030e+04	1	7	3.072069e-07	36	
1.340145e+04	1	12	3.072069e-07	105	
1.646944e+04	0	3	2.792790e-07	137	
2.298251e+04	1	147	5.585580e-08	102	
2.307589e+04	1	4	3.072069e-07	150	
2.349767e+04	0	9	2.792790e-07	83	
2.422209e+04	1	136	8.378370e-08	38	
3.160767e+04	0	118	2.792790e-08	96	
3.344993e+04	1	6	3.072069e-07	125	
4.291986e+04	1	8	3.072069e-07	61	
5.111341e+04	1	13	3.072069e-07	108	
5.435773e+04	1	5	3.351348e-07	57	
9.248916e+04	0	87	2.792790e-08	24	
1.768737e+05	1	5	3.630627e-07	64	
2.106279e+05	0	7	3.072069e-07	111	
2.436827e+05	1	2	3.072069e-07	62	
2.501257e+05	1	77	5.585580e-08	19	
2.576179e+05	3	96	1.396395e-08	44	3687573659	1.396395e-08	3196256300	1.396395e-08	848448836	1.396395e-08	
2.679245e+05	2	3	2.917060e-07	46	2211003714	1.550090e-08	
4.851784e+05	1	9	3.072069e-07	126	
6.642757e+05	1	5	3.909906e-07	50	
7.066329e+05	2	11	4.460663e-07	10	2916276788	1.406146e-08	3696193412	1.406146e-08	15308464	1.406146e-08	1239307652	1.406146e-08	1945448119	1.406146e-08	3396227953	1.406146e-08	3321237907	1.406146e-08	3187199216	1.406146e-08	
7.080000e+05	1	5	4.189185e-07	40	
7.271576e+05	1	11	7.532732e-07	13	
7.850786e+05	0	7	3.072069e-07	52	
8.784757e+05	0	1	2.792790e-07	74	
9.545326e+05	1	0	1.000000e+00	28	
9.986309e+05	0	88	2.792790e-08	42	
1.101799e+06	1	11	7.812011e-07	29	
1.106474e+06	0	1	2.792790e-07	149	
1.255148e+06	1	5	4.468464e-07	152	
1.588093e+06	1	0	1.000000e+00	4	
2.131067e+06	1	0	1.000000e+00	49	
2.328498e+06	3	101	1.396395e-08	42	3330100144	1.396395e-08	310481256	1.396395e-08	817087088	1.396395e-08	
2.406162e+06	0	122	2.792790e-08	25	
2.406162e+06	0	122	2.792790e-08	25	
2.457814e+06	2	14	2.840184e-07	113	551137729	2.318850e-08	
2.482225e+06	0	112	2.792790e-08	89	
2.552685e+06	2	11	1.037673e-06	2	1218250404	1.691168e-08	1035956119	1.691168e-08	1211996162	1.691168e-08	
2.632919e+06	0	12	3.072069e-07	94	
2.756952e+06	3	137	1.396395e-08	310481256	188552836	1.396395e-08	2029773149	1.396395e-08	
2.789656e+06	3	106	1.926073e-08	75	302486611	1.829754e-08	1842102965	1.829754e-08	
2.861250e+06	1	7	3.351348e-07	133	
2.937302e+06	1	11	1.065601e-06	115	
2.950943e+06	0	32	2.792790e-08	18	
3.133495e+06	3	92	1.726682e-08	117	1285693762	1.662922e-08	1078741991	1.662922e-08	2723643411	1.662922e-08	1804212609	1.662922e-08	
3.264800e+06	1	7	3.630627e-07	114	
3.271879e+06	3	3	2.915520e-07	2211003714	438292632	1.565493e-08	
3.430952e+06	1	3	3.055159e-07	101	
3.446844e+06	4	32	1.396395e-08	18	2001290253	1.396395e-08	3147695692	1.396395e-08	3179285865	1.396395e-08	
3.530365e+06	1	14	2.979824e-07	137	
3.547011e+06	4	142	1.396395e-08	26	2173231515	1.396395e-08	740082705	1.396395e-08	2795063678	1.396395e-08	
3.563269e+06	2	7	3.636708e-07	30	3642829293	2.731980e-08	
3.568783e+06	1	0	1.000000e+00	145	
3.645454e+06	0	7	3.636708e-07	65	
3.748541e+06	2	5	6.637027e-07	9	2707128518	1.505844e-08	474866315	1.505844e-08	1639799867	1.505844e-08	1026028388	1.505844e-08	1128056158	1.505844e-08	2909632847	1.505844e-08	
3.913948e+06	1	2795063678	2.792790e-08	2173231515	
4.096395e+06	0	1128056158	1.505844e-08	474866315	
4.125890e+06	3	139	1.396395e-08	2001290253	937177227	1.396395e-08	3393811039	1.396395e-08	
4.182282e+06	3	87	1.396395e-08	3147695692	611212867	1.396395e-08	1104410542	1.396395e-08	
4.224923e+06	0	611212867	1.396395e-08	87	
4.266054e+06	3	438292632	1.565493e-08	87	2328232000	1.396395e-08	
4.266054e+06	1	438292632	2.961888e-08	2328232000	
4.412149e+06	1	0	1.000000e+00	97	
4.457731e+06	4	33	1.396395e-08	21	2999719241	1.396395e-08	1931993247	1.396395e-08	1494850122	1.396395e-08	
4.523068e+06	1	0	1.000000e+00	73	
4.536051e+06	4	1104410542	1.396395e-08	32	3414514926	1.396395e-08	
4.565127e+06	1	0	1.000000e+00	68	
4.571792e+06	1	0	1.000000e+00	2916276788	
4.942649e+06	4	3642829293	2.731980e-08	817087088	2312786130	1.396395e-08	
4.949012e+06	3	8	3.033792e-07	120	3537925318	1.587781e-08	1634407402	1.587781e-08	
