1.890179e+03	1	2	3.072069e-07	147	
2.677653e+03	1	12	3.072069e-07	16	
3.123504e+03	1	2	3.351348e-07	118	
6.706108e+03	1	130	5.585580e-08	22	
7.118505e+03	1	3	3.072069e-07	106	
1.117992e+04	1	4	3.072069e-07	75	
1.124312e+04	1	1	3.072069e-07	129	
1.172924e+04	1	12	3.351348e-07	41	
5.412957e+04	1	138	5.585580e-08	111	
6.052276e+04	2	1	5.021938e-07	7	3687573659	1.404869e-08	3196256300	1.404869e-08	848448836	1.404869e-08	2211003714	1.404869e-08	2916276788	1.404869e-08	3696193412	1.404869e-08	
6.482014e+04	1	2	3.630627e-07	50	
7.951649e+04	1	60	5.585580e-08	51	
9.830264e+04	1	11	3.072069e-07	116	
1.447582e+05	0	3	3.072069e-07	63	
1.950002e+05	2	36	3.652620e-08	15	15308464	1.932960e-08	
2.145598e+05	1	2	6.702696e-07	11	
2.331093e+05	0	136	2.792790e-08	53	
2.586796e+05	1	1	5.301217e-07	30	
2.748564e+05	1	3	3.351348e-07	58	
4.650459e+05	0	69	2.792790e-08	28	
5.037211e+05	1	3	3.630627e-07	66	
5.369125e+05	1	2	6.981975e-07	120	
6.074710e+05	1	9	3.072069e-07	109	
6.409557e+05	0	10	2.792790e-07	3696193412	
8.140538e+05	0	10	2.792790e-07	68	
8.459241e+05	0	4	3.072069e-07	131	
9.548196e+05	1	0	1.000000e+00	86	
1.068396e+06	1	0	1.000000e+00	43	
1.180478e+06	1	0	1.000000e+00	128	
1.267977e+06	1	12	3.630627e-07	100	
1.340467e+06	1	13	3.072069e-07	105	
1.395351e+06	4	59	1.396395e-08	3687573659	1239307652	1.400632e-08	1945448119	1.400632e-08	
1.417713e+06	1	0	1.000000e+00	135	
1.557713e+06	4	56	1.396395e-08	1239307652	3396227953	1.398513e-08	3321237907	1.398513e-08	
1.567771e+06	0	148	2.792790e-08	33	
1.653812e+06	1	0	1.000000e+00	64	
1.689776e+06	3	78	1.396395e-08	3321237907	3187199216	1.397454e-08	3330100144	1.397454e-08	
1.732054e+06	0	108	2.792790e-08	38	
1.823109e+06	3	77	1.746665e-08	33	310481256	1.919457e-08	817087088	1.919457e-08	
2.010356e+06	0	42	2.792790e-08	310481256	
2.287087e+06	0	2	6.981975e-07	63	
2.390234e+06	1	0	1.000000e+00	141	
2.398272e+06	0	12	3.630627e-07	17	
2.460284e+06	3	3	3.580054e-07	34	551137729	1.649259e-08	1218250404	1.649259e-08	
2.506717e+06	0	107	2.792790e-08	15308464	
3.101086e+06	0	60	5.585580e-08	132	
3.163528e+06	4	154	1.396395e-08	551137729	1035956119	1.522827e-08	1211996162	1.522827e-08	
3.185050e+06	3	3	3.492455e-07	17	188552836	1.834392e-08	2029773149	1.834392e-08	
3.186011e+06	0	140	2.792790e-08	83	
3.196695e+06	1	3	3.675894e-07	2029773149	
3.212201e+06	0	4	3.072069e-07	145	
3.256716e+06	3	126	1.396395e-08	45	302486611	1.396395e-08	1842102965	1.396395e-08	1285693762	1.396395e-08	
3.282514e+06	0	10	2.792790e-07	102	
3.429941e+06	1	8	3.072069e-07	103	
