1.369077e+02	1	8	3.072069e-07	117	
1.180855e+03	1	153	5.585580e-08	76	
2.324629e+03	1	111	5.585580e-08	26	
2.628720e+03	1	4	3.072069e-07	127	
4.247924e+03	1	5	3.072069e-07	149	
5.114162e+03	1	1	3.072069e-07	145	
1.234886e+04	1	3	3.072069e-07	108	
1.292077e+04	1	102	5.585580e-08	33	
1.423285e+04	1	1	5.864859e-07	7	
1.572453e+04	1	6	3.072069e-07	80	
2.372477e+04	1	6	3.351348e-07	31	
2.895839e+04	1	3	3.351348e-07	73	
3.031365e+04	0	4	3.072069e-07	24	
6.792992e+04	2	4	5.363517e-07	11	3687573659	1.671140e-08	3196256300	1.671140e-08	848448836	1.671140e-08	
6.948789e+04	1	4	5.642796e-07	136	
1.011894e+05	1	5	3.351348e-07	104	
1.165561e+05	0	13	2.792790e-07	147	
1.325756e+05	1	2	3.072069e-07	78	
2.015463e+05	0	5	3.351348e-07	56	
2.619424e+05	1	144	5.585580e-08	18	
2.911150e+05	3	24	2.377935e-08	848448836	2211003714	2.085995e-08	
3.109182e+05	1	3	3.630627e-07	20	
4.116659e+05	2	4	8.032754e-07	8	2916276788	1.705277e-08	3696193412	1.705277e-08	15308464	1.705277e-08	1239307652	1.705277e-08	
4.160477e+05	0	87	2.792790e-08	74	
4.176916e+05	4	147	1.396395e-08	75	1945448119	1.396395e-08	3396227953	1.396395e-08	3321237907	1.396395e-08	
4.679621e+05	1	1	6.144138e-07	57	
4.859333e+05	2	94	3.803892e-08	32	3187199216	1.781688e-08	
5.471225e+05	1	1	6.423417e-07	90	
7.386973e+05	0	53	2.792790e-08	21	
7.803331e+05	1	1	6.702696e-07	50	
7.957153e+05	1	1	6.981975e-07	25	
7.982606e+05	0	2	3.072069e-07	45	
8.064245e+05	0	4	8.032754e-07	69	
8.131551e+05	2	5	3.710877e-07	153	3330100144	1.990294e-08	
8.909682e+05	1	4	8.203282e-07	1239307652	
9.446027e+05	3	129	1.396395e-08	74	310481256	1.396395e-08	817087088	1.396395e-08	551137729	1.396395e-08	
9.683764e+05	3	83	1.396395e-08	1945448119	1218250404	1.396395e-08	1035956119	1.396395e-08	
1.121714e+06	1	1	1.005404e-06	2	
1.247795e+06	0	150	2.792790e-08	43	
1.270420e+06	3	817087088	1.396395e-08	129	1211996162	1.396395e-08	
1.270420e+06	1	1211996162	2.792790e-08	817087088	
1.322002e+06	1	0	1.000000e+00	67	
1.322212e+06	1	4	8.370396e-07	3196256300	
1.453737e+06	0	139	2.792790e-08	130	
1.457548e+06	3	141	1.396395e-08	91	188552836	1.396395e-08	2029773149	1.396395e-08	302486611	1.396395e-08	
1.475135e+06	1	1	1.019368e-06	141	
1.533380e+06	0	150	2.792790e-08	19	
1.589775e+06	3	12	2.716068e-07	61	1842102965	1.780006e-08	1285693762	1.780006e-08	
1.621878e+06	1	0	1.000000e+00	146	
1.625264e+06	3	115	1.396395e-08	42	1078741991	1.396395e-08	2723643411	1.396395e-08	1804212609	1.396395e-08	
1.632121e+06	1	1	1.047296e-06	39	
1.636928e+06	0	69	2.792790e-08	37	
1.886434e+06	1	13	5.585580e-07	9	
1.920661e+06	0	44	2.792790e-08	2723643411	
1.987409e+06	1	0	1.000000e+00	72	
2.002814e+06	1	1	1.061260e-06	551137729	
2.099511e+06	1	5	3.850516e-07	3321237907	
2.212706e+06	1	1	1.089188e-06	63	
2.267076e+06	0	4	8.370396e-07	88	
2.552064e+06	1	3	3.797741e-07	3687573659	
2.646655e+06	1	0	1.000000e+00	23	
2.652299e+06	1	0	1.000000e+00	114	
2.845870e+06	1	13	5.864859e-07	86	
2.872530e+06	3	121	1.396395e-08	22	438292632	1.396395e-08	2001290253	1.396395e-08	3147695692	1.396395e-08	
3.109623e+06	1	1	1.117116e-06	79	
3.367817e+06	4	98	1.396395e-08	2029773149	3179285865	1.396395e-08	2173231515	1.396395e-08	
