2.273951e+02	0	138	2.792790e-08	52	
4.848701e+02	1	116	5.585580e-08	74	
2.517852e+03	1	14	3.072069e-07	98	
6.186457e+03	1	128	5.585580e-08	62	
6.480189e+03	1	1	3.072069e-07	140	
1.920911e+04	0	10	2.792790e-07	143	
2.468608e+04	1	8	3.072069e-07	143	
3.218114e+04	1	8	3.351348e-07	109	
5.897037e+04	0	71	2.792790e-08	23	
7.008751e+04	1	141	5.585580e-08	29	
8.283014e+04	1	125	5.585580e-08	42	
1.317791e+05	1	8	3.630627e-07	103	
1.681949e+05	1	14	3.351348e-07	23	
1.990007e+05	0	121	2.792790e-08	46	
2.307102e+05	1	10	3.072069e-07	112	
2.931928e+05	0	78	2.792790e-08	26	
3.295580e+05	0	64	2.792790e-08	26	
3.911790e+05	2	128	6.428504e-08	82	3687573659	1.949866e-08	
4.628329e+05	1	7	3.072069e-07	130	
4.754536e+05	1	8	3.909906e-07	113	
5.297419e+05	1	8	4.189185e-07	87	
5.371453e+05	1	8	6.981975e-07	3	
5.737305e+05	1	5	3.072069e-07	68	
5.815662e+05	0	123	2.792790e-08	96	
6.028929e+05	3	96	1.396395e-08	66	3196256300	1.396395e-08	848448836	1.396395e-08	2211003714	1.396395e-08	
6.228794e+05	0	5	3.072069e-07	76	
6.856488e+05	0	8	6.981975e-07	136	
7.153382e+05	1	2	3.072069e-07	38	
8.481263e+05	0	133	2.792790e-08	65	
8.741507e+05	1	7	3.351348e-07	114	
9.485715e+05	3	81	1.396395e-08	65	2916276788	1.396395e-08	3696193412	1.396395e-08	15308464	1.396395e-08	
1.032806e+06	1	135	4.189185e-08	3196256300	
1.175166e+06	1	2	3.351348e-07	107	
1.199590e+06	0	142	2.792790e-08	45	
1.226021e+06	0	10	3.072069e-07	43	
1.296388e+06	1	0	1.000000e+00	147	
1.351465e+06	0	116	5.585580e-08	122	
1.802711e+06	4	135	1.396395e-08	142	1239307652	1.396395e-08	1945448119	1.396395e-08	3396227953	1.396395e-08	3321237907	1.396395e-08	
1.814105e+06	1	14	3.630627e-07	61	
1.986711e+06	3	144	1.396395e-08	46	3187199216	1.396395e-08	3330100144	1.396395e-08	310481256	1.396395e-08	
2.132521e+06	1	8	7.121614e-07	81	
2.157633e+06	0	51	2.792790e-08	48	
2.357956e+06	1	0	1.000000e+00	35	
2.464389e+06	0	53	2.792790e-08	3696193412	
2.587894e+06	1	0	1.000000e+00	102	
2.602453e+06	1	1	5.864859e-07	13	
2.892351e+06	0	1	5.864859e-07	116	
3.042252e+06	4	137	1.396395e-08	104	817087088	1.396395e-08	551137729	1.396395e-08	1218250404	1.396395e-08	
3.073988e+06	4	78	1.396395e-08	54	1035956119	1.396395e-08	1211996162	1.396395e-08	188552836	1.396395e-08	
3.218678e+06	1	0	1.000000e+00	115	
3.347159e+06	0	12	2.792790e-07	145	
3.419106e+06	0	73	2.792790e-08	41	
3.425019e+06	1	0	1.000000e+00	122	
3.483850e+06	1	2	3.490987e-07	817087088	
3.502684e+06	1	0	1.000000e+00	131	
3.525104e+06	0	83	2.792790e-08	15308464	
3.570494e+06	2	14	3.727732e-07	43	2029773149	1.821738e-08	
3.655121e+06	1	0	1.000000e+00	117	
4.130482e+06	1	0	1.000000e+00	72	
