8.760130e+01	1	154	5.585580e-08	135	
9.160686e+01	1	142	5.585580e-08	50	
1.468458e+03	1	8	3.072069e-07	25	
1.485137e+03	1	12	3.072069e-07	126	
2.347302e+03	1	11	3.072069e-07	70	
4.566759e+03	0	103	2.792790e-08	63	
6.212363e+03	1	10	5.585580e-07	1	
6.284704e+03	1	149	5.585580e-08	127	
6.932998e+03	0	141	2.792790e-08	96	
7.435724e+03	1	13	3.072069e-07	63	
7.502766e+03	1	11	3.351348e-07	24	
1.472646e+04	1	3	3.072069e-07	58	
1.474977e+04	0	83	2.792790e-08	80	
1.753633e+04	1	129	5.585580e-08	77	
1.870345e+04	0	62	2.792790e-08	26	
1.961801e+04	0	133	2.792790e-08	37	
2.533878e+04	1	5	3.072069e-07	122	
3.038041e+04	0	129	5.585580e-08	107	
3.059918e+04	0	44	2.792790e-08	27	
3.112314e+04	0	11	3.351348e-07	125	
3.391322e+04	1	3	3.351348e-07	134	
3.457490e+04	1	2	3.072069e-07	22	
3.969594e+04	1	142	8.378370e-08	110	
4.008361e+04	1	12	3.351348e-07	104	
4.123110e+04	1	81	5.585580e-08	51	
4.426741e+04	1	3	3.909906e-07	129	
4.449039e+04	1	3	4.189185e-07	132	
4.653668e+04	0	139	2.792790e-08	39	
5.254337e+04	1	11	3.630627e-07	130	
5.818490e+04	1	133	5.585580e-08	89	
6.322690e+04	0	76	2.792790e-08	59	
6.508105e+04	1	3	4.468464e-07	30	
7.059884e+04	1	12	3.630627e-07	141	
7.220814e+04	0	111	2.792790e-08	85	
7.263204e+04	0	10	5.585580e-07	153	
7.783892e+04	0	81	5.585580e-08	56	
7.986274e+04	1	11	3.909906e-07	109	
9.057567e+04	0	13	3.072069e-07	27	
9.290638e+04	1	6	3.072069e-07	85	
9.339288e+04	2	94	3.597733e-08	23	3687573659	1.987847e-08	
9.377943e+04	0	82	2.792790e-08	3687573659	
1.101651e+05	0	76	2.792790e-08	46	
1.126183e+05	0	4	2.792790e-07	95	
1.171832e+05	0	133	5.585580e-08	139	
1.222419e+05	0	133	5.585580e-08	39	
1.308423e+05	0	94	3.597733e-08	83	
1.310149e+05	1	94	6.390523e-08	83	
1.413457e+05	1	12	3.909906e-07	84	
1.437209e+05	1	7	3.072069e-07	17	
1.541695e+05	1	2	3.351348e-07	114	
1.558246e+05	1	10	5.864859e-07	42	
