8.683675e+03	0	1	2.792790e-07	41	
1.095505e+04	0	104	2.792790e-08	45	
1.407000e+04	1	133	5.585580e-08	97	
1.433075e+04	1	134	5.585580e-08	90	
2.442757e+04	1	14	3.072069e-07	116	
4.227708e+04	0	8	2.792790e-07	80	
5.303909e+04	1	1	3.072069e-07	41	
1.470332e+05	1	7	3.072069e-07	45	
1.752972e+05	0	14	3.072069e-07	140	
1.779507e+05	1	14	3.351348e-07	71	
2.276197e+05	0	148	2.792790e-08	16	
2.693890e+05	0	47	2.792790e-08	36	
2.961318e+05	1	11	3.072069e-07	58	
3.202847e+05	0	111	2.792790e-08	17	
3.940660e+05	2	8	5.032325e-07	2	3687573659	1.844182e-08	3196256300	1.844182e-08	848448836	1.844182e-08	
3.967188e+05	1	9	3.072069e-07	99	
4.765411e+05	0	73	2.792790e-08	16	
4.898099e+05	1	1	3.351348e-07	73	
7.910706e+05	4	138	1.396395e-08	32	2211003714	1.396395e-08	2916276788	1.396395e-08	3696193412	1.396395e-08	
8.072037e+05	1	3	3.072069e-07	81	
8.423441e+05	1	12	3.072069e-07	115	
8.444283e+05	0	119	2.792790e-08	91	
8.512202e+05	0	11	3.072069e-07	123	
9.452253e+05	1	8	5.216744e-07	3687573659	
9.772565e+05	2	3	5.219398e-07	13	15308464	1.613653e-08	1239307652	1.613653e-08	1945448119	1.613653e-08	3396227953	1.613653e-08	
1.103796e+06	1	12	3.351348e-07	86	
1.275567e+06	0	101	2.792790e-08	53	
1.331973e+06	4	151	1.396395e-08	35	3321237907	1.396395e-08	3187199216	1.396395e-08	3330100144	1.396395e-08	
1.378349e+06	3	125	1.615987e-08	104	310481256	1.984797e-08	817087088	1.984797e-08	
1.427528e+06	1	3	5.498677e-07	140	
1.472340e+06	1	12	3.630627e-07	24	
1.533145e+06	0	7	3.072069e-07	110	
1.564995e+06	1	12	6.423417e-07	5	
1.570550e+06	0	3321237907	1.396395e-08	151	
1.647893e+06	4	154	1.396395e-08	37	551137729	1.396395e-08	1218250404	1.396395e-08	1035956119	1.396395e-08	
