3.337028e+02	2	11	5.060500e-07	7	3687573659	1.750267e-08	3196256300	1.750267e-08	848448836	1.750267e-08	
1.101876e+04	1	12	3.072069e-07	124	
4.641729e+04	1	1	3.072069e-07	30	
5.930859e+04	1	3	3.072069e-07	133	
7.002641e+04	1	105	5.585580e-08	21	
8.441978e+04	0	5	2.792790e-07	122	
8.446977e+04	1	5	3.072069e-07	122	
1.374621e+05	1	5	3.351348e-07	132	
1.586287e+05	0	123	2.792790e-08	70	
1.676290e+05	1	3	3.351348e-07	111	
1.729552e+05	0	136	2.792790e-08	16	
1.792744e+05	1	11	5.339779e-07	85	
1.955269e+05	2	3	5.159308e-07	9	2211003714	1.406900e-08	2916276788	1.406900e-08	3696193412	1.406900e-08	15308464	1.406900e-08	1239307652	1.406900e-08	1945448119	1.406900e-08	3396227953	1.406900e-08	
3.974344e+05	1	3	5.299998e-07	3696193412	
4.151609e+05	2	11	7.723049e-07	4	3321237907	2.047599e-08	3187199216	2.047599e-08	
4.998988e+05	0	5	3.351348e-07	83	
4.999436e+05	1	3	5.440688e-07	1239307652	
5.771623e+05	1	6	3.072069e-07	56	
6.278008e+05	2	119	3.508663e-08	89	3330100144	2.076917e-08	
6.792958e+05	1	1	5.864859e-07	10	
7.224700e+05	4	150	1.396395e-08	113	310481256	1.396395e-08	817087088	1.396395e-08	551137729	1.396395e-08	
7.771400e+05	0	116	2.792790e-08	32	
7.927941e+05	1	0	1.000000e+00	92	
8.153195e+05	1	8	3.072069e-07	78	
8.528984e+05	1	3	5.580327e-07	551137729	
8.985169e+05	1	0	1.000000e+00	57	
9.178313e+05	0	8	3.072069e-07	32	
9.450446e+05	1	8	3.351348e-07	50	
9.676323e+05	1	3	5.859606e-07	136	
1.024853e+06	4	105	1.396395e-08	134	1218250404	1.396395e-08	1035956119	1.396395e-08	1211996162	1.396395e-08	188552836	1.396395e-08	2029773149	1.396395e-08	
1.075930e+06	1	0	1.000000e+00	64	
1.102607e+06	1	38	5.585580e-08	19	
1.116294e+06	3	47	1.396395e-08	40	302486611	1.396395e-08	1842102965	1.396395e-08	1285693762	1.396395e-08	
