2.662360e+03	2	10	4.873687e-07	7	3687573659	1.423786e-08	3196256300	1.423786e-08	848448836	1.423786e-08	2211003714	1.423786e-08	2916276788	1.423786e-08	
9.828972e+03	1	79	5.585580e-08	55	
1.067455e+04	1	153	5.585580e-08	30	
1.759596e+04	1	141	5.585580e-08	82	
2.282540e+04	1	133	5.585580e-08	46	
2.839679e+04	1	70	5.585580e-08	38	
3.648024e+04	1	93	4.216576e-08	2211003714	
4.015783e+04	1	4	5.585580e-07	2	
8.443381e+04	1	123	5.585580e-08	89	
9.353899e+04	1	120	5.585580e-08	48	
1.011883e+05	1	40	5.585580e-08	37	
1.069453e+05	0	153	5.585580e-08	125	
1.218321e+05	1	120	8.378370e-08	154	
1.957217e+05	2	13	4.979652e-07	9	3696193412	1.514819e-08	15308464	1.514819e-08	1239307652	1.514819e-08	1945448119	1.514819e-08	
2.050425e+05	1	6	3.072069e-07	51	
2.739645e+05	1	6	3.351348e-07	129	
4.082982e+05	1	10	5.016066e-07	3196256300	
4.457736e+05	0	65	2.792790e-08	43	
5.329953e+05	0	119	2.792790e-08	116	
7.431182e+05	4	93	1.396395e-08	140	3396227953	1.403243e-08	3321237907	1.403243e-08	3187199216	1.403243e-08	3330100144	1.403243e-08	
8.322954e+05	1	148	5.585580e-08	26	
8.829590e+05	0	79	5.585580e-08	151	
8.854423e+05	1	4	5.864859e-07	23	
9.084031e+05	0	133	5.585580e-08	54	
9.970850e+05	1	13	5.258931e-07	124	
1.066468e+06	1	0	1.000000e+00	15	
1.124534e+06	0	141	5.585580e-08	73	
1.219991e+06	4	128	1.396395e-08	108	310481256	1.396395e-08	817087088	1.396395e-08	551137729	1.396395e-08	
1.273224e+06	1	13	5.538210e-07	87	
1.310494e+06	0	65	2.792790e-08	50	
1.321502e+06	1	0	1.000000e+00	77	
1.367868e+06	0	13	5.538210e-07	15308464	
1.388708e+06	0	59	2.792790e-08	54	
1.509288e+06	1	0	1.000000e+00	146	
1.597061e+06	0	125	2.792790e-08	3687573659	
1.615846e+06	1	0	1.000000e+00	106	
1.661570e+06	4	136	1.396395e-08	101	1218250404	1.396395e-08	1035956119	1.396395e-08	1211996162	1.396395e-08	
1.688403e+06	1	0	1.000000e+00	42	
1.788409e+06	4	1035956119	1.396395e-08	93	188552836	1.396395e-08	
1.853732e+06	1	0	1.000000e+00	62	
2.147478e+06	2	6	5.164790e-07	12	2029773149	1.399068e-08	302486611	1.399068e-08	1842102965	1.399068e-08	1285693762	1.399068e-08	1078741991	1.399068e-08	2723643411	1.399068e-08	1804212609	1.399068e-08	
2.160600e+06	1	13	6.096768e-07	148	
2.207574e+06	1	6	5.304697e-07	2029773149	
2.235466e+06	0	2723643411	1.399068e-08	1078741991	
2.273111e+06	0	40	5.585580e-08	126	
2.291306e+06	0	79	5.585580e-08	151	
2.378827e+06	1	11	3.072069e-07	58	
2.390482e+06	3	79	4.455617e-08	139	438292632	1.961377e-08	2001290253	1.961377e-08	
2.434916e+06	1	4	6.144138e-07	63	
2.444261e+06	0	57	2.792790e-08	2723643411	
2.502402e+06	1	0	1.000000e+00	64	
2.567966e+06	3	53	1.396395e-08	848448836	3147695692	1.410091e-08	3179285865	1.410091e-08	
2.840289e+06	2	1	2.928285e-07	21	2173231515	1.437841e-08	
2.885359e+06	1	0	1.000000e+00	1239307652	
3.024873e+06	1	0	1.000000e+00	33	
3.304174e+06	4	151	1.396395e-08	138	740082705	1.396395e-08	2795063678	1.396395e-08	3642829293	1.396395e-08	
3.340588e+06	0	121	2.792790e-08	32	
3.341155e+06	0	740082705	1.396395e-08	151	
3.365939e+06	0	54	2.792790e-08	29	
3.412802e+06	1	2795063678	2.792790e-08	151	
3.431941e+06	1	1	3.067924e-07	188552836	
3.560566e+06	3	131	1.396395e-08	3396227953	2707128518	1.399819e-08	474866315	1.399819e-08	
3.561665e+06	0	2795063678	2.792790e-08	740082705	
3.562594e+06	0	144	2.792790e-08	67	
3.601621e+06	1	6	5.583976e-07	152	
3.614574e+06	0	147	2.792790e-08	117	
3.944330e+06	0	5	2.792790e-07	76	
