2.273951e+02	0	138	2.792790e-08	52	
4.848701e+02	1	116	5.585580e-08	74	
2.517852e+03	1	14	3.072069e-07	98	
6.186457e+03	1	128	5.585580e-08	62	
6.480189e+03	1	1	3.072069e-07	140	
1.920911e+04	0	10	2.792790e-07	143	
2.468608e+04	1	8	3.072069e-07	143	
3.218114e+04	1	8	3.351348e-07	109	
5.897037e+04	0	71	2.792790e-08	23	
7.008751e+04	1	141	5.585580e-08	29	
8.283014e+04	1	125	5.585580e-08	42	
1.317791e+05	1	8	3.630627e-07	103	
1.681949e+05	1	14	3.351348e-07	23	
1.990007e+05	0	121	2.792790e-08	46	
2.307102e+05	1	10	3.072069e-07	112	
2.931928e+05	0	78	2.792790e-08	26	
3.295580e+05	0	64	2.792790e-08	26	
3.911790e+05	2	128	6.428504e-08	82	3687573659	1.949866e-08	
4.628329e+05	1	7	3.072069e-07	130	
4.754536e+05	1	8	3.909906e-07	113	
5.297419e+05	1	8	4.189185e-07	87	
5.371453e+05	1	8	6.981975e-07	3	
5.737305e+05	1	5	3.072069e-07	68	
5.815662e+05	0	123	2.792790e-08	96	
6.028929e+05	3	96	1.396395e-08	66	3196256300	1.396395e-08	848448836	1.396395e-08	2211003714	1.396395e-08	
6.228794e+05	0	5	3.072069e-07	76	
