5.196652e+03	1	14	3.072069e-07	50	
7.314393e+03	1	9	3.072069e-07	99	
7.429556e+03	1	106	5.585580e-08	32	
1.176957e+04	0	76	2.792790e-08	57	
3.524517e+04	1	1	3.072069e-07	142	
4.482806e+04	1	76	5.585580e-08	27	
7.002812e+04	1	106	8.378370e-08	36	
7.303869e+04	1	1	3.351348e-07	103	
1.322798e+05	1	2	3.072069e-07	20	
1.567318e+05	0	11	2.792790e-07	22	
2.068346e+05	1	5	3.072069e-07	52	
2.126066e+05	1	5	3.351348e-07	71	
2.152317e+05	1	6	3.072069e-07	147	
2.583676e+05	0	14	3.072069e-07	121	
2.844614e+05	0	3	2.792790e-07	70	
3.137435e+05	0	1	3.351348e-07	104	
3.524529e+05	0	1	3.351348e-07	112	
3.599718e+05	1	2	3.351348e-07	72	
4.623679e+05	0	14	3.072069e-07	35	
