8.525573e+02	1	6	3.072069e-07	126	
1.396683e+04	1	1	3.072069e-07	74	
1.487331e+04	1	57	5.585580e-08	56	
4.374335e+04	0	49	2.792790e-08	22	
5.439077e+04	0	1	3.072069e-07	136	
6.294576e+04	1	141	5.585580e-08	27	
9.038428e+04	1	4	3.072069e-07	53	
1.001275e+05	2	115	3.982111e-08	73	3687573659	1.603469e-08	
1.145264e+05	2	105	3.053679e-08	49	3196256300	2.531901e-08	
1.509126e+05	1	1	3.351348e-07	31	
1.664941e+05	0	12	2.792790e-07	59	
1.715527e+05	1	13	3.072069e-07	154	
3.035555e+05	0	2	2.792790e-07	107	
3.221281e+05	0	115	3.982111e-08	107	
3.321390e+05	1	12	3.072069e-07	97	
3.509274e+05	1	61	5.585580e-08	18	
3.807258e+05	1	4	3.351348e-07	85	
3.874583e+05	0	10	2.792790e-07	151	
5.095555e+05	1	2	3.072069e-07	71	
5.374836e+05	2	1	5.343501e-07	7	848448836	1.601275e-08	2211003714	1.601275e-08	2916276788	1.601275e-08	3696193412	1.601275e-08	15308464	1.601275e-08	
5.712769e+05	0	78	2.792790e-08	55	
6.198655e+05	1	1	5.622780e-07	93	
6.751418e+05	0	3	2.792790e-07	68	
7.275556e+05	0	152	2.792790e-08	107	
7.617933e+05	0	105	3.053679e-08	78	
9.724292e+05	3	2	2.473986e-07	39	1239307652	1.462270e-08	1945448119	1.462270e-08	3396227953	1.462270e-08	3321237907	1.462270e-08	3187199216	1.462270e-08	3330100144	1.462270e-08	
1.100370e+06	0	8	2.792790e-07	1945448119	
1.181945e+06	0	133	2.792790e-08	23	
1.247114e+06	1	0	1.000000e+00	103	
1.277989e+06	0	141	5.585580e-08	57	
1.469482e+06	0	102	2.792790e-08	3321237907	
1.542409e+06	0	148	2.792790e-08	64	
1.703310e+06	1	1	5.902059e-07	48	
1.722850e+06	1	0	1.000000e+00	29	
1.948996e+06	1	0	1.000000e+00	848448836	
2.294851e+06	2	2	2.563665e-07	66	310481256	1.895998e-08	
2.296725e+06	4	3687573659	1.669344e-08	3187199216	817087088	1.396395e-08	
2.353439e+06	1	4	3.630627e-07	91	
2.433581e+06	3	16	1.396395e-08	3321237907	551137729	1.429333e-08	1218250404	1.429333e-08	
2.483669e+06	3	14	2.756637e-07	115	1035956119	1.447879e-08	1211996162	1.447879e-08	188552836	1.447879e-08	
2.495549e+06	0	4	3.630627e-07	63	
2.534643e+06	3	57	3.728061e-08	82	2029773149	1.550103e-08	302486611	1.550103e-08	1842102965	1.550103e-08	
2.569590e+06	0	57	3.728061e-08	111	
