3.337027e+02	2	11	5.350675e-07	7	3687573659	2.349054e-08	
3.516769e+02	1	133	5.585580e-08	55	
8.503159e+02	1	14	3.072069e-07	70	
8.808415e+02	1	140	5.585580e-08	65	
1.175532e+03	0	152	2.792790e-08	136	
1.229339e+03	1	130	5.585580e-08	19	
2.354307e+03	1	5	3.351348e-07	130	
3.133783e+03	1	6	3.072069e-07	63	
3.448650e+03	0	11	5.350675e-07	3687573659	
6.045131e+03	1	2	3.072069e-07	92	
6.160911e+03	1	6	3.351348e-07	84	
6.319476e+03	0	59	2.792790e-08	51	
6.944645e+03	1	11	5.629954e-07	141	
7.133098e+03	2	10	5.440465e-07	8	3196256300	1.451153e-08	
1.057991e+04	1	32	5.585580e-08	26	
1.084530e+04	1	9	3.027695e-07	3687573659	
1.254165e+04	1	13	5.585580e-07	1	
1.766265e+04	1	32	8.378370e-08	104	
1.864556e+04	1	14	3.351348e-07	123	
1.881030e+04	1	50	5.585580e-08	35	
1.962923e+04	1	11	5.909233e-07	61	
2.213097e+04	1	14	3.630627e-07	74	
2.434610e+04	1	11	6.188512e-07	47	
2.494461e+04	1	4	3.072069e-07	150	
2.504362e+04	1	13	5.864859e-07	128	
2.870073e+04	1	3	3.072069e-07	39	
3.113819e+04	0	2	3.072069e-07	135	
3.403113e+04	1	5	3.630627e-07	107	
3.776559e+04	1	13	6.144138e-07	52	
3.873913e+04	1	88	5.585580e-08	31	
3.958029e+04	0	127	2.792790e-08	124	
5.911452e+04	2	145	3.426061e-08	105	848448836	2.159519e-08	
6.316598e+04	0	50	5.585580e-08	131	
6.848957e+04	0	41	2.792790e-08	16	
6.875765e+04	1	149	5.585580e-08	103	
6.998184e+04	0	3	3.072069e-07	41	
8.486579e+04	0	50	5.585580e-08	89	
9.092126e+04	0	5	3.630627e-07	49	
9.614692e+04	0	3	3.072069e-07	9	
9.629586e+04	1	11	6.467791e-07	152	
1.071855e+05	0	3	3.072069e-07	134	
1.077716e+05	1	3	3.351348e-07	90	
1.087270e+05	1	3	3.630627e-07	134	
1.104860e+05	1	3	3.909906e-07	116	
1.132182e+05	1	14	3.909906e-07	87	
1.167645e+05	1	3	4.189185e-07	113	
1.253192e+05	0	9	3.027695e-07	89	
1.253685e+05	0	119	2.792790e-08	21	
1.349501e+05	0	111	2.792790e-08	41	
1.392783e+05	0	4	3.072069e-07	9	
1.453248e+05	1	88	8.378370e-08	79	
1.564311e+05	1	4	3.351348e-07	111	
1.630592e+05	1	3	4.468464e-07	23	
1.649713e+05	0	6	3.351348e-07	12	
1.814700e+05	1	14	4.189185e-07	136	
1.876971e+05	1	4	6.379043e-07	9	
1.916356e+05	0	59	2.792790e-08	22	
1.955075e+05	1	11	6.747070e-07	125	
1.962802e+05	1	4	6.658322e-07	76	
2.054391e+05	1	14	4.468464e-07	45	
2.134992e+05	1	6	3.630627e-07	69	
2.218812e+05	0	40	2.792790e-08	21	
2.317936e+05	1	4	6.937601e-07	46	
2.368383e+05	1	11	7.089676e-07	145	
2.382600e+05	1	11	7.927513e-07	88	
2.386505e+05	2	100	4.148214e-08	73	2211003714	1.437366e-08	
2.420607e+05	1	14	4.747743e-07	78	
2.440828e+05	0	10	5.440465e-07	72	
2.495623e+05	0	12	2.792790e-07	56	
2.725414e+05	1	4	7.216880e-07	154	
2.834835e+05	2	133	5.783661e-08	89	2916276788	2.594709e-08	
2.846476e+05	1	133	8.378370e-08	2916276788	
2.879646e+05	1	11	8.206792e-07	21	
3.015425e+05	0	11	8.206792e-07	3	
3.141334e+05	0	10	5.440465e-07	30	
3.251711e+05	1	11	8.486071e-07	119	
3.288740e+05	1	12	3.072069e-07	36	
3.611753e+05	1	11	9.323908e-07	32	
3.941083e+05	1	4	7.496159e-07	16	
4.466523e+05	0	144	2.792790e-08	118	
5.563321e+05	0	64	2.792790e-08	48	
5.740434e+05	1	10	5.719744e-07	82	
7.150463e+05	1	5	3.909906e-07	49	
8.242385e+05	0	100	4.148214e-08	60	
8.659949e+05	3	142	2.584181e-08	126	3696193412	1.500699e-08	15308464	1.500699e-08	
8.835859e+05	3	60	1.396395e-08	34	1239307652	1.396395e-08	1945448119	1.396395e-08	3396227953	1.396395e-08	
9.194497e+05	1	98	5.585580e-08	42	
9.450438e+05	1	13	6.423417e-07	151	
9.527293e+05	0	5	3.909906e-07	127	
9.604653e+05	0	98	5.585580e-08	112	
9.647954e+05	4	17	1.396395e-08	1239307652	3321237907	1.396395e-08	3187199216	1.396395e-08	
9.826311e+05	0	5	3.909906e-07	54	
9.909031e+05	3	117	1.396395e-08	33	3330100144	1.396395e-08	310481256	1.396395e-08	817087088	1.396395e-08	
1.044468e+06	2	12	3.146543e-07	147	551137729	2.048048e-08	
1.083548e+06	3	1945448119	1.396395e-08	17	1218250404	1.396395e-08	
