5.650234e+03	1	76	5.585580e-08	40	
9.643761e+03	1	5	3.072069e-07	111	
1.327539e+04	1	11	3.072069e-07	35	
1.722620e+04	1	5	3.351348e-07	75	
2.347508e+04	1	5	3.630627e-07	90	
4.665529e+04	1	5	3.909906e-07	51	
6.024137e+04	0	147	2.792790e-08	69	
6.208655e+04	1	13	3.072069e-07	49	
6.348459e+04	1	131	5.585580e-08	85	
8.920039e+04	1	150	5.585580e-08	66	
1.155165e+05	1	3	3.072069e-07	67	
1.193136e+05	1	4	3.072069e-07	126	
2.313157e+05	1	8	3.072069e-07	30	
2.894981e+05	1	11	3.351348e-07	98	
5.076103e+05	1	7	3.072069e-07	108	
