4.193099e+03	0	110	2.792790e-08	91	
1.334653e+04	1	89	5.585580e-08	28	
1.336576e+04	1	9	3.072069e-07	68	
1.413809e+04	1	14	3.072069e-07	40	
1.787752e+04	1	14	3.351348e-07	41	
2.240712e+04	1	120	5.585580e-08	97	
2.269739e+04	1	134	5.585580e-08	48	
3.966790e+04	1	6	3.072069e-07	151	
4.132780e+04	1	10	3.072069e-07	128	
5.276320e+04	1	10	3.351348e-07	74	
7.060066e+04	1	13	3.072069e-07	95	
8.006575e+04	1	7	3.072069e-07	153	
8.695705e+04	1	1	3.072069e-07	119	
9.456626e+04	0	10	3.351348e-07	138	
1.058900e+05	0	33	2.792790e-08	15	
1.431409e+05	1	1	5.864859e-07	12	
1.841511e+05	0	13	3.072069e-07	81	
2.121563e+05	3	42	1.965646e-08	38	3687573659	1.809967e-08	3196256300	1.809967e-08	
2.228650e+05	0	11	2.792790e-07	57	
2.563939e+05	1	10	3.630627e-07	19	
4.085504e+05	0	104	2.792790e-08	80	
4.135713e+05	0	148	2.792790e-08	63	
4.200261e+05	1	6	3.351348e-07	36	
6.463367e+05	1	6	3.630627e-07	93	
7.449438e+05	0	91	2.792790e-08	87	
8.126822e+05	1	1	8.657649e-07	8	
8.662011e+05	3	70	2.518781e-08	65	848448836	1.533400e-08	2211003714	1.533400e-08	
9.712766e+05	0	145	2.792790e-08	69	
9.747550e+05	1	10	3.909906e-07	79	
1.036880e+06	0	145	2.792790e-08	81	
1.199246e+06	1	11	3.072069e-07	99	
1.205542e+06	3	51	1.396395e-08	32	2916276788	1.396395e-08	3696193412	1.396395e-08	15308464	1.396395e-08	
1.274842e+06	3	4	2.786268e-07	127	1239307652	1.429003e-08	1945448119	1.429003e-08	
1.328576e+06	3	138	1.396395e-08	53	3396227953	1.396395e-08	3321237907	1.396395e-08	3187199216	1.396395e-08	
1.684874e+06	0	132	2.792790e-08	78	
1.837466e+06	1	1	8.936928e-07	145	
2.071677e+06	1	1	9.216207e-07	33	
2.193621e+06	1	0	1.000000e+00	113	
2.524131e+06	0	5	2.792790e-07	51	
2.693132e+06	1	1	9.359107e-07	1945448119	
3.851619e+06	1	0	1.000000e+00	59	
4.051386e+06	0	44	2.792790e-08	15	
4.209018e+06	0	104	2.792790e-08	29	
4.260432e+06	1	0	1.000000e+00	82	
4.319946e+06	0	135	2.792790e-08	129	
4.461419e+06	1	10	4.189185e-07	101	
4.487693e+06	0	1	9.359107e-07	15	
4.615453e+06	1	13	3.351348e-07	110	
4.641737e+06	1	6	3.909906e-07	29	
4.703277e+06	4	134	1.396395e-08	25	3330100144	1.396395e-08	310481256	1.396395e-08	817087088	1.396395e-08	551137729	1.396395e-08	1218250404	1.396395e-08	
4.703359e+06	1	551137729	2.792790e-08	817087088	
4.736243e+06	1	0	1.000000e+00	67	
4.749722e+06	4	106	1.396395e-08	43	1035956119	1.396395e-08	1211996162	1.396395e-08	188552836	1.396395e-08	
4.910496e+06	0	125	2.792790e-08	26	
5.203520e+06	4	136	1.396395e-08	44	2029773149	1.396395e-08	302486611	1.396395e-08	1842102965	1.396395e-08	
5.325301e+06	0	1	9.359107e-07	3396227953	
5.566309e+06	1	0	1.000000e+00	108	
5.868441e+06	4	112	1.396395e-08	69	1285693762	1.396395e-08	1078741991	1.396395e-08	2723643411	1.396395e-08	
