1.437956e+03	0	107	2.792790e-08	86	
2.473533e+03	0	127	2.792790e-08	28	
3.806236e+03	1	10	3.072069e-07	115	
4.276113e+03	0	107	2.792790e-08	46	
5.500410e+03	1	2	3.072069e-07	92	
6.603587e+03	1	3	3.072069e-07	66	
6.931776e+03	1	4	3.072069e-07	91	
8.276810e+03	1	4	3.351348e-07	37	
8.558961e+03	1	2	3.351348e-07	20	
9.278402e+03	1	4	3.630627e-07	121	
9.496911e+03	1	8	3.072069e-07	72	
1.042880e+04	1	132	5.585580e-08	89	
1.070102e+04	1	4	3.909906e-07	31	
1.168598e+04	0	139	2.792790e-08	30	
1.288447e+04	0	70	2.792790e-08	48	
1.637875e+04	1	10	3.351348e-07	52	
1.694485e+04	0	70	2.792790e-08	48	
2.077065e+04	1	6	3.072069e-07	127	
2.338838e+04	1	14	3.072069e-07	44	
2.370332e+04	1	3	3.351348e-07	26	
2.432884e+04	1	10	3.630627e-07	67	
3.184073e+04	1	1	3.072069e-07	147	
3.194604e+04	0	6	3.072069e-07	28	
3.491461e+04	1	7	3.072069e-07	136	
4.208027e+04	0	90	2.792790e-08	69	
5.353509e+04	2	14	5.566584e-07	11	3687573659	1.491377e-08	3196256300	1.491377e-08	
5.536811e+04	0	122	2.792790e-08	90	
5.784096e+04	1	7	3.351348e-07	111	
6.180859e+04	0	61	2.792790e-08	49	
6.477847e+04	0	105	2.792790e-08	54	
7.066577e+04	1	6	5.864859e-07	5	
7.074130e+04	1	10	3.909906e-07	154	
8.499562e+04	1	61	5.585580e-08	30	
8.628302e+04	0	3	3.351348e-07	24	
8.891621e+04	1	133	5.585580e-08	49	
9.174438e+04	0	10	3.909906e-07	98	
9.757739e+04	0	123	2.792790e-08	79	
1.025182e+05	0	10	3.909906e-07	120	
1.058903e+05	1	4	4.189185e-07	85	
1.067090e+05	1	8	3.351348e-07	16	
1.247006e+05	0	28	2.792790e-08	25	
1.403859e+05	0	132	5.585580e-08	120	
1.429183e+05	1	100	5.585580e-08	43	
1.449413e+05	0	12	2.792790e-07	130	
1.559053e+05	1	4	4.468464e-07	113	
1.577761e+05	1	10	4.468464e-07	132	
1.657505e+05	1	8	3.630627e-07	141	
1.787454e+05	0	83	2.792790e-08	65	
1.915365e+05	0	6	5.864859e-07	23	
1.983840e+05	1	94	5.585580e-08	46	
2.003408e+05	1	1	3.351348e-07	53	
2.105074e+05	0	12	2.792790e-07	146	
2.156448e+05	1	61	8.378370e-08	70	
2.211845e+05	0	12	2.792790e-07	124	
2.225623e+05	0	126	2.792790e-08	50	
2.371106e+05	1	2	4.189185e-07	61	
2.407755e+05	1	8	3.909906e-07	88	
2.636159e+05	1	6	6.144138e-07	40	
2.828385e+05	2	58	3.328779e-08	19	848448836	2.256801e-08	
2.834576e+05	1	8	4.189185e-07	135	
2.872714e+05	1	7	3.630627e-07	93	
