2.072192e+03	1	80	5.585580e-08	69	
1.025909e+04	1	10	3.072069e-07	108	
1.851824e+04	1	139	5.585580e-08	79	
2.950415e+04	0	137	2.792790e-08	105	
6.693226e+04	0	4	2.792790e-07	127	
6.988901e+04	1	132	5.585580e-08	31	
7.574974e+04	1	103	5.585580e-08	19	
8.374116e+04	1	4	3.072069e-07	33	
1.442716e+05	2	12	5.029064e-07	11	3687573659	1.855052e-08	3196256300	1.855052e-08	848448836	1.855052e-08	
1.734504e+05	1	1	3.072069e-07	141	
2.136907e+05	1	120	5.585580e-08	92	
2.317469e+05	1	7	3.072069e-07	64	
2.357708e+05	0	7	3.072069e-07	18	
2.586965e+05	0	7	3.072069e-07	78	
2.798947e+05	1	7	3.351348e-07	35	
3.102339e+05	3	82	2.445719e-08	20	2211003714	1.569931e-08	2916276788	1.569931e-08	
3.266188e+05	1	23	5.238509e-08	82	
3.460589e+05	0	7	3.351348e-07	78	
3.701116e+05	0	10	3.072069e-07	4	
4.199753e+05	1	848448836	3.710103e-08	3687573659	
4.312909e+05	0	147	2.792790e-08	67	
4.398807e+05	0	140	2.792790e-08	100	
4.839042e+05	1	14	3.072069e-07	65	
5.353583e+05	1	7	3.630627e-07	61	
6.014743e+05	0	6	2.792790e-07	89	
6.875754e+05	1	7	4.189185e-07	132	
7.284318e+05	0	102	2.792790e-08	54	
7.299861e+05	1	7	4.468464e-07	71	
7.561341e+05	1	12	5.587622e-07	120	
8.939240e+05	0	85	2.792790e-08	27	
1.060130e+06	1	7	4.747743e-07	16	
1.103414e+06	0	121	2.792790e-08	39	
1.181754e+06	2	125	2.901030e-08	106	3696193412	2.684550e-08	
1.181754e+06	1	125	5.585580e-08	3696193412	
1.212678e+06	1	10	3.351348e-07	30	
1.267946e+06	1	0	1.000000e+00	117	
1.352117e+06	1	0	1.000000e+00	87	
1.396990e+06	2	116	4.128802e-08	53	15308464	1.456778e-08	
1.434739e+06	3	96	1.396395e-08	2916276788	1239307652	1.483163e-08	1945448119	1.483163e-08	
1.478236e+06	0	3	2.792790e-07	54	
1.627727e+06	0	55	2.792790e-08	51	
1.731407e+06	4	130	1.396395e-08	75	3396227953	1.396395e-08	3321237907	1.396395e-08	3187199216	1.396395e-08	
1.785392e+06	1	0	1.000000e+00	83	
1.832410e+06	1	4	3.351348e-07	32	
1.907749e+06	1	0	1.000000e+00	60	
2.254097e+06	0	1	3.072069e-07	86	
2.260809e+06	3	139	3.605377e-08	96	3330100144	1.688299e-08	310481256	1.688299e-08	
2.519346e+06	0	4	3.351348e-07	3330100144	
2.519346e+06	1	4	3.520178e-07	3330100144	
2.591599e+06	0	127	2.792790e-08	111	
2.599306e+06	1	0	1.000000e+00	119	
2.765845e+06	3	146	2.383961e-08	66	817087088	1.600809e-08	551137729	1.600809e-08	
2.779766e+06	1	0	1.000000e+00	26	
2.890708e+06	1	12	5.866901e-07	49	
3.064732e+06	1	12	6.146180e-07	151	
3.196263e+06	1	4	3.799457e-07	90	
3.348630e+06	1	10	3.875199e-07	23	
3.375006e+06	1	6	3.072069e-07	154	
