2.502752e+02	1	11	3.072069e-07	112	
6.025799e+03	1	57	5.585580e-08	21	
6.144167e+03	1	55	5.585580e-08	31	
1.043951e+04	1	5	3.072069e-07	118	
1.645158e+04	1	11	3.351348e-07	23	
3.428738e+04	1	1	3.072069e-07	85	
4.148473e+04	1	55	8.378370e-08	133	
5.013938e+04	1	96	5.585580e-08	32	
6.882939e+04	1	117	5.585580e-08	62	
7.234779e+04	1	75	5.585580e-08	25	
1.044693e+05	0	76	2.792790e-08	60	
1.152511e+05	2	14	5.019566e-07	4	3687573659	1.415035e-08	3196256300	1.415035e-08	848448836	1.415035e-08	2211003714	1.415035e-08	
1.808868e+05	0	10	2.792790e-07	27	
2.169228e+05	0	11	3.351348e-07	66	
2.324695e+05	0	57	5.585580e-08	100	
2.432266e+05	1	8	3.072069e-07	79	
2.443519e+05	1	8	3.351348e-07	116	
2.512198e+05	2	11	5.694061e-07	10	2916276788	1.500257e-08	3696193412	1.500257e-08	15308464	1.500257e-08	
2.544579e+05	1	8	3.630627e-07	142	
3.301251e+05	0	92	2.792790e-08	15308464	
3.759571e+05	0	143	2.792790e-08	19	
3.879170e+05	1	9	3.072069e-07	139	
4.429732e+05	1	6	3.072069e-07	152	
4.584686e+05	1	7	3.072069e-07	50	
4.864129e+05	0	107	2.792790e-08	93	
5.038832e+05	3	135	1.768054e-08	134	1239307652	1.908763e-08	1945448119	1.908763e-08	
