2.134900e+02	1	131	5.585580e-08	89	
1.314912e+03	0	110	2.792790e-08	61	
4.030870e+03	1	120	5.585580e-08	27	
4.287401e+03	1	10	5.585580e-07	3	
5.032504e+03	1	6	3.072069e-07	123	
7.628358e+03	1	7	3.072069e-07	49	
8.706671e+03	1	120	8.378370e-08	111	
1.210717e+04	0	1	2.792790e-07	51	
1.335215e+04	1	116	5.585580e-08	90	
1.690076e+04	0	85	2.792790e-08	44	
1.706304e+04	1	9	3.072069e-07	108	
1.961885e+04	1	11	3.072069e-07	37	
2.009536e+04	1	6	3.351348e-07	33	
2.030297e+04	0	5	2.792790e-07	30	
2.329770e+04	0	120	8.378370e-08	32	
3.581723e+04	1	2	3.072069e-07	43	
3.794665e+04	1	8	3.072069e-07	40	
3.816072e+04	1	94	5.585580e-08	85	
4.499523e+04	1	120	1.117116e-07	74	
5.788080e+04	0	44	2.792790e-08	41	
5.869048e+04	0	110	2.792790e-08	57	
6.428529e+04	0	125	2.792790e-08	36	
7.234569e+04	1	12	3.072069e-07	103	
7.295601e+04	0	104	2.792790e-08	92	
7.512991e+04	1	12	3.351348e-07	15	
7.590734e+04	1	13	3.072069e-07	112	
7.601379e+04	1	6	3.630627e-07	20	
8.967772e+04	1	6	3.909906e-07	153	
9.082827e+04	1	5	3.072069e-07	65	
1.007840e+05	1	5	3.351348e-07	68	
1.011816e+05	0	5	3.351348e-07	142	
1.094962e+05	0	121	2.792790e-08	46	
1.178281e+05	0	120	1.117116e-07	115	
1.198565e+05	0	115	2.792790e-08	30	
1.292325e+05	1	7	3.351348e-07	77	
1.463959e+05	0	96	2.792790e-08	72	
1.564564e+05	1	2	3.351348e-07	128	
1.576851e+05	0	8	3.072069e-07	152	
1.637582e+05	0	79	2.792790e-08	51	
1.647591e+05	0	141	2.792790e-08	127	
1.658720e+05	1	5	3.630627e-07	135	
1.707243e+05	2	2	5.906474e-07	1	3687573659	2.376637e-08	
1.871349e+05	1	131	8.378370e-08	149	
1.872141e+05	0	119	2.792790e-08	54	
1.874145e+05	2	120	1.174214e-07	66	3196256300	2.221810e-08	
1.920730e+05	0	116	5.585580e-08	41	
2.006294e+05	0	133	2.792790e-08	3196256300	
2.051602e+05	0	2	5.906474e-07	25	
2.121444e+05	1	2	6.185753e-07	67	
2.426901e+05	1	127	5.585580e-08	32	
2.495647e+05	0	133	2.792790e-08	54	
2.587595e+05	0	115	2.792790e-08	3196256300	
2.594967e+05	1	6	4.189185e-07	124	
2.599878e+05	0	14	2.792790e-07	121	
2.765575e+05	1	7	3.909906e-07	127	
2.847763e+05	0	8	3.072069e-07	69	
3.075684e+05	0	100	2.792790e-08	61	
3.099452e+05	0	6	4.189185e-07	5	
3.190754e+05	1	2	6.744311e-07	116	
3.228150e+05	1	9	3.351348e-07	60	
3.338710e+05	1	120	1.453493e-07	110	
3.362071e+05	2	7	5.191955e-07	120	848448836	1.714444e-08	
3.436334e+05	0	12	3.351348e-07	113	
3.579759e+05	0	140	2.792790e-08	137	
3.623111e+05	0	119	2.792790e-08	45	
3.695823e+05	0	121	2.792790e-08	72	
3.773811e+05	0	132	2.792790e-08	115	
3.959079e+05	1	2	6.981975e-07	3687573659	
4.534831e+05	3	30	2.344096e-08	848448836	2211003714	2.163138e-08	
4.604981e+05	1	7	5.471234e-07	17	
4.722582e+05	1	5	3.909906e-07	115	
4.792895e+05	1	8	3.351348e-07	16	
