4.555544e+03	1	11	3.072069e-07	92	
5.707659e+03	1	7	3.072069e-07	130	
2.849689e+04	1	14	3.072069e-07	136	
6.711380e+04	1	2	3.072069e-07	44	
7.273067e+04	0	124	2.792790e-08	109	
7.962149e+04	1	13	5.585580e-07	3	
8.002177e+04	1	9	5.585580e-07	4	
9.086288e+04	1	144	5.585580e-08	120	
9.604818e+04	1	7	3.351348e-07	104	
9.835679e+04	1	14	3.351348e-07	123	
1.350065e+05	1	7	3.630627e-07	153	
1.756218e+05	0	14	3.351348e-07	127	
1.790875e+05	0	2	3.072069e-07	103	
2.291411e+05	1	8	3.072069e-07	58	
2.322059e+05	1	7	6.981975e-07	14	
2.424999e+05	1	6	3.072069e-07	133	
3.421534e+05	0	134	2.792790e-08	94	
3.550732e+05	0	112	2.792790e-08	40	
3.905852e+05	0	10	2.792790e-07	128	
4.558420e+05	1	9	5.864859e-07	53	
5.039301e+05	0	13	5.585580e-07	101	
6.028243e+05	2	7	8.773226e-07	12	3687573659	1.430771e-08	3196256300	1.430771e-08	848448836	1.430771e-08	2211003714	1.430771e-08	2916276788	1.430771e-08	3696193412	1.430771e-08	15308464	1.430771e-08	
6.054595e+05	1	7	8.916303e-07	2211003714	
6.315806e+05	0	8	3.072069e-07	132	
6.693789e+05	0	7	8.916303e-07	3687573659	
6.919243e+05	1	5	3.072069e-07	116	
7.196489e+05	1	0	1.000000e+00	75	
7.898090e+05	1	2	3.351348e-07	25	
8.169210e+05	0	89	2.792790e-08	22	
8.322090e+05	0	10	2.792790e-07	112	
8.620953e+05	1	13	5.864859e-07	67	
9.217116e+05	0	69	2.792790e-08	26	
9.331135e+05	1	7	9.195582e-07	56	
9.574596e+05	1	9	6.144138e-07	63	
9.954349e+05	0	6	3.072069e-07	65	
1.054514e+06	1	0	1.000000e+00	30	
1.096611e+06	0	97	2.792790e-08	83	
1.103135e+06	1	5	3.351348e-07	152	
1.131150e+06	0	127	2.792790e-08	55	
1.196244e+06	4	108	1.396395e-08	37	1239307652	1.396395e-08	1945448119	1.396395e-08	3396227953	1.396395e-08	
1.295559e+06	0	13	5.864859e-07	15	
1.309892e+06	4	115	1.396395e-08	23	3321237907	1.396395e-08	3187199216	1.396395e-08	3330100144	1.396395e-08	
1.475574e+06	1	7	9.474861e-07	126	
1.568329e+06	1	0	1.000000e+00	148	
1.636067e+06	4	45	1.396395e-08	15	310481256	1.396395e-08	817087088	1.396395e-08	551137729	1.396395e-08	
1.688414e+06	0	150	2.792790e-08	94	
1.709234e+06	1	6	3.351348e-07	89	
1.832619e+06	0	140	2.792790e-08	40	
1.858945e+06	1	7	9.754140e-07	47	
1.906934e+06	0	13	5.864859e-07	106	
2.041000e+06	0	6	3.351348e-07	64	
2.105826e+06	1	13	6.007936e-07	3687573659	
2.219998e+06	3	71	2.586454e-08	41	1218250404	1.499563e-08	1035956119	1.499563e-08	
2.470679e+06	1	13	6.147576e-07	551137729	
2.561059e+06	1	13	6.426855e-07	121	
2.846661e+06	1	13	6.566494e-07	108	
2.905071e+06	1	9	9.495486e-07	6	
3.157213e+06	1	0	1.000000e+00	70	
3.757486e+06	0	8	3.072069e-07	84	
3.823359e+06	1	7	1.003342e-06	82	
4.143164e+06	1	13	6.706134e-07	310481256	
4.145203e+06	1	2	3.630627e-07	140	
4.383922e+06	0	9	9.495486e-07	95	
4.437171e+06	0	125	2.792790e-08	46	
4.558258e+06	1	7	1.017306e-06	45	
