3.688161e+02	1	83	5.585580e-08	21	
2.930657e+04	0	103	2.792790e-08	100	
3.139789e+04	1	8	3.072069e-07	123	
4.349729e+04	1	127	5.585580e-08	114	
6.477864e+04	1	3	3.072069e-07	25	
1.027231e+05	1	3	3.351348e-07	108	
1.301639e+05	2	12	4.867645e-07	1	3687573659	1.435870e-08	3196256300	1.435870e-08	848448836	1.435870e-08	2211003714	1.435870e-08	2916276788	1.435870e-08	
2.040406e+05	1	61	5.585580e-08	34	
2.205501e+05	0	136	2.792790e-08	52	
2.393875e+05	1	11	3.072069e-07	76	
2.568097e+05	1	8	3.351348e-07	43	
3.124390e+05	1	3	3.630627e-07	17	
3.281326e+05	1	5	3.072069e-07	52	
4.161245e+05	3	87	2.580030e-08	42	3696193412	1.502775e-08	15308464	1.502775e-08	
4.486538e+05	1	3	3.909906e-07	125	
6.647348e+05	0	9	2.792790e-07	115	
7.876756e+05	2	7	3.185614e-07	83	1239307652	1.657344e-08	
8.232822e+05	2	5	5.124435e-07	4	1945448119	1.480848e-08	3396227953	1.480848e-08	3321237907	1.480848e-08	3187199216	1.480848e-08	3330100144	1.480848e-08	
8.261182e+05	1	5	5.272520e-07	1945448119	
8.470289e+05	1	5	5.420605e-07	3330100144	
9.006245e+05	0	9	2.792790e-07	29	
1.010920e+06	3	138	1.812972e-08	88	310481256	1.886304e-08	817087088	1.886304e-08	
1.020750e+06	3	80	2.420477e-08	87	551137729	1.476171e-08	1218250404	1.476171e-08	
1.083068e+06	4	104	1.396395e-08	1239307652	1035956119	1.526870e-08	1211996162	1.526870e-08	
1.158644e+06	4	132	1.396395e-08	15	188552836	1.396395e-08	2029773149	1.396395e-08	302486611	1.396395e-08	
1.168093e+06	1	0	1.000000e+00	140	
1.217489e+06	1	8	3.630627e-07	74	
1.303450e+06	1	3	4.060184e-07	3696193412	
1.332808e+06	1	8	3.909906e-07	148	
1.372582e+06	0	117	2.792790e-08	91	
1.406522e+06	1	0	1.000000e+00	122	
1.502739e+06	0	100	2.792790e-08	63	
1.640527e+06	4	152	1.396395e-08	70	1842102965	1.396395e-08	1285693762	1.396395e-08	1078741991	1.396395e-08	
1.779769e+06	3	117	1.396395e-08	1842102965	2723643411	1.396395e-08	1804212609	1.396395e-08	
1.828752e+06	3	144	1.396395e-08	41	438292632	1.396395e-08	2001290253	1.396395e-08	3147695692	1.396395e-08	
1.891086e+06	2	127	5.684010e-08	62	3179285865	2.694360e-08	
1.892865e+06	1	2	2.945477e-07	1035956119	
1.966970e+06	1	0	1.000000e+00	101	
1.991603e+06	3	115	1.396395e-08	27	2173231515	1.396395e-08	740082705	1.396395e-08	2795063678	1.396395e-08	
2.001545e+06	4	82	1.396395e-08	1211996162	3642829293	1.461632e-08	2707128518	1.461632e-08	
2.020449e+06	1	0	1.000000e+00	36	
2.054238e+06	3	96	1.396395e-08	89	474866315	1.396395e-08	1639799867	1.396395e-08	1026028388	1.396395e-08	
2.094961e+06	0	14	2.792790e-07	40	
2.272891e+06	3	44	1.396395e-08	39	1128056158	1.396395e-08	2909632847	1.396395e-08	937177227	1.396395e-08	
2.285784e+06	0	3	4.060184e-07	30	
2.310950e+06	4	121	1.396395e-08	3179285865	3393811039	2.045378e-08	611212867	2.045378e-08	
2.374118e+06	0	10	2.792790e-07	104	
2.463561e+06	1	0	1.000000e+00	105	
2.571321e+06	0	3	4.060184e-07	80	
2.614444e+06	0	131	2.792790e-08	111	
2.654504e+06	0	67	2.792790e-08	2916276788	
2.685914e+06	3	154	1.396395e-08	16	1104410542	1.396395e-08	2328232000	1.396395e-08	2999719241	1.396395e-08	
2.757190e+06	0	5	5.420605e-07	551137729	
2.868766e+06	3	3187199216	1.565301e-08	3321237907	1931993247	1.396395e-08	
3.000644e+06	1	3	4.339463e-07	55	
3.187373e+06	3	30	1.396395e-08	154	1494850122	1.396395e-08	3414514926	1.396395e-08	
3.353947e+06	3	64	2.465864e-08	937177227	2312786130	1.723321e-08	
3.353947e+06	1	64	4.189185e-08	2312786130	
3.387364e+06	0	61	5.585580e-08	2328232000	
3.493972e+06	3	127	1.396395e-08	1104410542	3537925318	1.421002e-08	1634407402	1.421002e-08	3869596591	1.421002e-08	3375523036	1.421002e-08	
3.506552e+06	0	10	2.792790e-07	81	
3.519812e+06	0	77	2.792790e-08	46	
