5.153092e+00	1	4	3.072069e-07	145	
1.121379e+02	1	83	5.585580e-08	53	
1.563543e+02	1	9	3.072069e-07	29	
6.474858e+02	0	128	2.792790e-08	22	
1.169047e+03	1	6	3.072069e-07	52	
2.311676e+03	1	128	5.585580e-08	102	
3.985162e+03	1	14	3.072069e-07	135	
5.535849e+03	1	5	3.072069e-07	131	
6.904698e+03	1	14	3.351348e-07	116	
7.236608e+03	1	31	5.585580e-08	21	
8.155304e+03	1	10	3.072069e-07	140	
1.231336e+04	1	7	3.072069e-07	70	
1.390418e+04	1	10	6.144138e-07	4	
1.507656e+04	1	150	5.585580e-08	34	
1.554843e+04	0	12	2.792790e-07	49	
1.716559e+04	1	148	5.585580e-08	91	
1.986901e+04	1	48	5.585580e-08	17	
2.247566e+04	1	31	8.378370e-08	144	
2.400463e+04	1	3	3.072069e-07	97	
3.247357e+04	1	9	3.351348e-07	56	
3.373151e+04	0	148	5.585580e-08	33	
3.660984e+04	1	10	6.981975e-07	31	
3.832492e+04	1	106	5.585580e-08	100	
3.929640e+04	1	106	8.378370e-08	129	
3.960658e+04	1	6	3.351348e-07	101	
4.004792e+04	1	8	3.072069e-07	57	
4.053429e+04	0	115	2.792790e-08	30	
4.303622e+04	0	153	2.792790e-08	66	
4.694067e+04	1	3	3.351348e-07	46	
4.997627e+04	1	3	6.423417e-07	7	
5.998726e+04	0	99	2.792790e-08	71	
6.403316e+04	1	10	7.261254e-07	38	
6.677004e+04	0	28	2.792790e-08	23	
7.823577e+04	1	10	7.540533e-07	77	
7.869160e+04	0	13	2.792790e-07	119	
8.319977e+04	0	10	7.540533e-07	108	
8.523170e+04	1	14	3.630627e-07	69	
1.004027e+05	1	14	3.909906e-07	30	
1.088978e+05	0	13	2.792790e-07	136	
1.103466e+05	2	83	9.037967e-08	48	3687573659	2.133193e-08	
1.152201e+05	1	83	1.117116e-07	3687573659	
1.171057e+05	1	149	5.585580e-08	58	
