5.290300e+01	1	3	3.072069e-07	109	
5.816701e+02	1	1	3.072069e-07	139	
1.744013e+03	1	10	3.072069e-07	78	
1.265550e+04	1	2	3.072069e-07	37	
2.218425e+04	0	9	2.792790e-07	35	
3.617977e+04	0	116	2.792790e-08	94	
3.674295e+04	1	10	3.351348e-07	107	
4.507738e+04	1	31	5.585580e-08	18	
6.110462e+04	1	93	5.585580e-08	75	
6.356735e+04	2	1	5.317826e-07	7	3687573659	1.823444e-08	3196256300	1.823444e-08	848448836	1.823444e-08	
7.555135e+04	1	1	5.500170e-07	3196256300	
8.181674e+04	1	124	5.585580e-08	118	
1.101787e+05	1	8	3.072069e-07	113	
1.153216e+05	2	103	3.714482e-08	39	2211003714	1.871098e-08	
1.745424e+05	1	81	5.585580e-08	63	
2.058315e+05	1	151	5.585580e-08	47	
2.192748e+05	0	124	5.585580e-08	42	
2.210153e+05	1	2	3.351348e-07	77	
2.408193e+05	0	103	3.714482e-08	116	
2.895892e+05	1	3	3.254413e-07	848448836	
3.575175e+05	0	112	2.792790e-08	87	
3.647700e+05	1	10	3.630627e-07	86	
4.245559e+05	1	2	3.909906e-07	81	
4.639888e+05	1	13	3.072069e-07	148	
5.078751e+05	0	6	2.792790e-07	136	
5.616709e+05	0	116	2.792790e-08	30	
