1.751733e+04	1	13	3.072069e-07	147	
1.931901e+04	1	13	3.351348e-07	113	
2.890818e+04	1	58	5.585580e-08	34	
2.929872e+04	1	129	5.585580e-08	16	
8.254110e+04	1	134	5.585580e-08	83	
9.379233e+04	1	7	3.072069e-07	98	
1.008621e+05	1	13	3.630627e-07	152	
1.185681e+05	0	13	3.630627e-07	26	
1.611875e+05	1	20	5.585580e-08	18	
1.710370e+05	2	12	5.287504e-07	3	3687573659	1.396395e-08	3196256300	1.584369e-08	
2.181146e+05	1	12	5.566783e-07	45	
2.347630e+05	1	6	3.072069e-07	151	
2.562375e+05	1	8	3.072069e-07	81	
2.942912e+05	3	142	1.396395e-08	126	848448836	1.396395e-08	2211003714	1.396395e-08	2916276788	1.396395e-08	
3.382034e+05	1	13	3.909906e-07	29	
3.438094e+05	1	9	3.072069e-07	19	
3.474845e+05	1	10	3.072069e-07	141	
4.097868e+05	1	7	3.351348e-07	86	
5.870081e+05	1	12	8.359573e-07	1	
8.029022e+05	1	7	6.144138e-07	4	
1.058270e+06	0	9	3.072069e-07	44	
1.083909e+06	3	150	1.576543e-08	30	3696193412	2.004518e-08	15308464	2.004518e-08	
1.156749e+06	0	79	2.792790e-08	142	
1.331634e+06	1	0	1.000000e+00	121	
1.439487e+06	1	12	8.638852e-07	123	
1.531833e+06	1	8	3.351348e-07	61	
1.562748e+06	3	109	1.396395e-08	76	1239307652	1.396395e-08	1945448119	1.396395e-08	3396227953	1.396395e-08	
1.598451e+06	3	8	2.758693e-07	22	3321237907	1.453223e-08	3187199216	1.453223e-08	3330100144	1.453223e-08	310481256	1.453223e-08	817087088	1.453223e-08	551137729	1.453223e-08	
1.723515e+06	1	0	1.000000e+00	111	
1.757328e+06	0	135	2.792790e-08	39	
1.920602e+06	1	12	8.918131e-07	128	
1.989458e+06	1	0	1.000000e+00	49	
2.035339e+06	0	136	2.792790e-08	114	
