2.464610e+03	1	4	3.072069e-07	105	
4.963739e+03	1	7	3.072069e-07	144	
6.423211e+03	1	11	3.072069e-07	109	
7.031255e+03	1	14	3.072069e-07	63	
9.390812e+03	1	106	5.585580e-08	23	
1.426036e+04	1	139	5.585580e-08	39	
4.138241e+04	0	136	2.792790e-08	119	
4.361624e+04	1	11	3.351348e-07	152	
5.891644e+04	1	4	3.351348e-07	90	
7.811110e+04	1	65	5.585580e-08	25	
1.090828e+05	2	14	5.329874e-07	3	3687573659	1.783282e-08	3196256300	1.783282e-08	848448836	1.783282e-08	
1.228674e+05	0	12	2.792790e-07	141	
1.293304e+05	1	4	3.630627e-07	108	
1.367234e+05	2	146	3.755393e-08	59	2211003714	1.830187e-08	
1.430283e+05	1	5	3.072069e-07	118	
1.466327e+05	0	151	2.792790e-08	67	
1.834643e+05	1	89	4.622977e-08	2211003714	
1.883983e+05	1	9	3.072069e-07	48	
1.916818e+05	1	14	5.609153e-07	61	
2.198858e+05	0	91	2.792790e-08	53	
2.423042e+05	1	5	3.351348e-07	86	
3.451872e+05	0	2	2.792790e-07	30	
3.908015e+05	0	139	5.585580e-08	70	
4.680517e+05	1	11	3.630627e-07	24	
5.273118e+05	0	6	2.792790e-07	92	
5.455983e+05	1	6	3.072069e-07	78	
5.944323e+05	3	120	2.197514e-08	31	2916276788	1.694033e-08	3696193412	1.694033e-08	
6.249043e+05	1	5	3.630627e-07	34	
6.306461e+05	0	6	3.072069e-07	2	
6.391249e+05	0	83	2.792790e-08	77	
6.554197e+05	1	6	3.351348e-07	126	
6.988518e+05	3	119	1.396395e-08	43	15308464	1.396395e-08	1239307652	1.396395e-08	1945448119	1.396395e-08	
7.083267e+05	0	91	2.792790e-08	66	
8.196100e+05	1	91	5.585580e-08	53	
8.497865e+05	1	11	3.770267e-07	1945448119	
9.967790e+05	0	14	5.609153e-07	143	
1.006917e+06	0	113	2.792790e-08	76	
1.048298e+06	3	149	1.396395e-08	15	3396227953	1.396395e-08	3321237907	1.396395e-08	3187199216	1.396395e-08	
1.212467e+06	3	88	1.396395e-08	52	3330100144	1.396395e-08	310481256	1.396395e-08	817087088	1.396395e-08	
1.238560e+06	1	14	8.960501e-07	6	
1.359366e+06	1	7	3.351348e-07	128	
1.389969e+06	1	14	9.239780e-07	83	
1.435781e+06	1	14	9.519059e-07	99	
2.013705e+06	1	11	4.049546e-07	80	
2.061541e+06	2	2	2.899642e-07	92	551137729	1.724266e-08	
2.101451e+06	0	146	3.755393e-08	120	
2.154136e+06	0	2	2.899642e-07	82	
2.354696e+06	3	123	1.396395e-08	70	1218250404	1.396395e-08	1035956119	1.396395e-08	1211996162	1.396395e-08	
2.377734e+06	1	0	1.000000e+00	20	
2.648205e+06	1	0	1.000000e+00	74	
2.712217e+06	0	11	4.049546e-07	27	
2.759767e+06	3	142	1.396395e-08	69	188552836	1.396395e-08	2029773149	1.396395e-08	302486611	1.396395e-08	
2.885340e+06	1	14	9.798338e-07	85	
2.898906e+06	0	94	2.792790e-08	68	
3.135313e+06	1	62	5.585580e-08	58	
3.187419e+06	1	0	1.000000e+00	65	
3.253585e+06	3	89	1.396395e-08	68	1842102965	1.504843e-08	1285693762	1.504843e-08	1078741991	1.504843e-08	2723643411	1.504843e-08	
