1.369077e+02	1	8	3.072069e-07	117	
1.180855e+03	1	153	5.585580e-08	76	
2.324629e+03	1	111	5.585580e-08	26	
2.628720e+03	1	4	3.072069e-07	127	
4.247924e+03	1	5	3.072069e-07	149	
5.114162e+03	1	1	3.072069e-07	145	
1.234886e+04	1	3	3.072069e-07	108	
1.292077e+04	1	102	5.585580e-08	33	
1.423285e+04	1	1	5.864859e-07	7	
1.572453e+04	1	6	3.072069e-07	80	
2.372477e+04	1	6	3.351348e-07	31	
2.895839e+04	1	3	3.351348e-07	73	
3.031365e+04	0	4	3.072069e-07	24	
6.792992e+04	2	4	5.363517e-07	11	3687573659	1.671140e-08	3196256300	1.671140e-08	848448836	1.671140e-08	
6.948789e+04	1	4	5.642796e-07	136	
1.011894e+05	1	5	3.351348e-07	104	
1.165561e+05	0	13	2.792790e-07	147	
1.325756e+05	1	2	3.072069e-07	78	
2.015463e+05	0	5	3.351348e-07	56	
2.619424e+05	1	144	5.585580e-08	18	
2.911150e+05	3	24	2.377935e-08	848448836	2211003714	2.085995e-08	
3.109182e+05	1	3	3.630627e-07	20	
4.116659e+05	2	4	8.032754e-07	8	2916276788	1.705277e-08	3696193412	1.705277e-08	15308464	1.705277e-08	1239307652	1.705277e-08	
4.160477e+05	0	87	2.792790e-08	74	
4.176916e+05	4	147	1.396395e-08	75	1945448119	1.396395e-08	3396227953	1.396395e-08	3321237907	1.396395e-08	
4.679621e+05	1	1	6.144138e-07	57	
4.859333e+05	2	94	3.803892e-08	32	3187199216	1.781688e-08	
5.471225e+05	1	1	6.423417e-07	90	
