2.439721e+03	1	115	5.585580e-08	44	
1.232342e+04	1	106	5.585580e-08	59	
2.336380e+04	0	150	2.792790e-08	145	
2.952807e+04	0	10	2.792790e-07	154	
3.663451e+04	1	5	3.072069e-07	151	
3.793258e+04	1	7	3.072069e-07	67	
4.730715e+04	0	83	2.792790e-08	34	
4.784064e+04	1	89	5.585580e-08	75	
6.169495e+04	1	5	5.864859e-07	14	
7.401022e+04	1	11	3.072069e-07	82	
1.085211e+05	0	100	2.792790e-08	35	
1.176675e+05	1	146	5.585580e-08	58	
1.379507e+05	0	121	2.792790e-08	23	
1.428340e+05	0	11	3.072069e-07	121	
1.451712e+05	1	11	3.351348e-07	32	
1.453811e+05	0	147	2.792790e-08	123	
1.504967e+05	1	11	3.630627e-07	37	
1.789023e+05	1	5	6.423417e-07	106	
1.828656e+05	1	5	9.216207e-07	6	
2.037336e+05	1	5	9.495486e-07	125	
2.683438e+05	1	105	5.585580e-08	95	
2.860520e+05	1	7	3.351348e-07	50	
2.922500e+05	2	137	3.552853e-08	103	3687573659	2.032727e-08	
3.040710e+05	1	13	3.072069e-07	40	
3.233754e+05	1	1	3.072069e-07	52	
3.592619e+05	1	11	3.909906e-07	66	
3.953935e+05	1	118	5.585580e-08	117	
4.901496e+05	0	2	2.792790e-07	130	
