6.395810e+02	1	7	3.072069e-07	126	
1.053458e+03	1	92	5.585580e-08	63	
3.399561e+03	1	2	3.072069e-07	21	
1.131940e+04	1	14	3.072069e-07	35	
1.900265e+04	1	45	5.585580e-08	33	
2.227028e+04	1	6	3.072069e-07	93	
3.910455e+04	1	8	3.072069e-07	137	
5.418268e+04	1	6	3.351348e-07	15	
5.433019e+04	0	11	2.792790e-07	79	
5.656409e+04	1	13	3.072069e-07	50	
6.341605e+04	1	5	3.072069e-07	62	
8.782290e+04	1	8	3.351348e-07	75	
9.203684e+04	1	10	3.072069e-07	61	
9.649938e+04	1	6	3.630627e-07	109	
9.933517e+04	1	88	5.585580e-08	81	
1.222786e+05	1	6	3.909906e-07	148	
1.452033e+05	0	40	2.792790e-08	31	
1.459148e+05	1	14	3.351348e-07	57	
1.602386e+05	1	2	3.351348e-07	31	
2.061972e+05	0	4	2.792790e-07	68	
2.256292e+05	2	8	5.819885e-07	13	3687573659	1.508831e-08	3196256300	1.508831e-08	848448836	1.508831e-08	2211003714	1.508831e-08	
2.496833e+05	0	10	3.072069e-07	54	
2.551028e+05	0	145	2.792790e-08	72	
2.679661e+05	0	6	3.909906e-07	152	
2.698894e+05	1	8	6.099164e-07	135	
3.740677e+05	1	147	5.585580e-08	103	
3.824484e+05	1	6	4.189185e-07	58	
4.795854e+05	1	10	3.351348e-07	46	
5.035261e+05	1	154	5.585580e-08	116	
5.401693e+05	1	6	4.468464e-07	25	
5.405101e+05	1	100	5.585580e-08	68	
5.667863e+05	0	6	4.468464e-07	152	
