1.495036e+02	1	12	3.072069e-07	73	
3.505193e+02	1	12	3.351348e-07	134	
6.854639e+02	1	13	5.585580e-07	3	
1.130205e+03	1	142	5.585580e-08	91	
1.736321e+03	0	96	2.792790e-08	84	
3.629544e+03	1	1	3.072069e-07	125	
8.298862e+03	1	142	8.378370e-08	123	
8.316840e+03	0	42	2.792790e-08	27	
1.068701e+04	1	115	5.585580e-08	79	
1.274140e+04	1	140	5.585580e-08	138	
1.666226e+04	1	14	3.072069e-07	75	
1.903699e+04	1	57	5.585580e-08	56	
2.944712e+04	0	115	5.585580e-08	102	
2.961381e+04	1	12	6.144138e-07	8	
3.151616e+04	0	55	2.792790e-08	27	
3.221489e+04	1	121	5.585580e-08	66	
3.520076e+04	1	1	3.351348e-07	146	
3.527058e+04	1	2	3.072069e-07	42	
3.881521e+04	1	135	5.585580e-08	130	
4.275372e+04	1	2	3.351348e-07	92	
4.835845e+04	1	12	6.423417e-07	81	
5.946871e+04	1	12	6.702696e-07	87	
7.271156e+04	1	1	3.630627e-07	37	
7.493146e+04	1	14	3.351348e-07	59	
7.581617e+04	0	96	2.792790e-08	27	
1.106004e+05	1	78	5.585580e-08	41	
1.198042e+05	0	96	2.792790e-08	95	
1.246163e+05	1	1	3.909906e-07	98	
1.322301e+05	0	11	2.792790e-07	31	
1.438174e+05	0	107	2.792790e-08	55	
1.527418e+05	0	108	2.792790e-08	63	
1.817465e+05	1	7	5.585580e-07	6	
2.025182e+05	0	135	5.585580e-08	62	
2.107316e+05	0	63	2.792790e-08	17	
2.210963e+05	1	12	6.981975e-07	99	
2.328009e+05	1	12	7.261254e-07	69	
2.363986e+05	0	119	2.792790e-08	76	
2.365511e+05	1	29	5.585580e-08	19	
2.464858e+05	3	101	1.396395e-08	70	3687573659	1.396395e-08	3196256300	1.396395e-08	848448836	1.396395e-08	
2.510881e+05	3	105	1.733158e-08	102	2211003714	1.926211e-08	2916276788	1.926211e-08	
2.525244e+05	0	13	5.585580e-07	142	
2.558220e+05	1	3687573659	2.792790e-08	101	
2.696004e+05	1	5	3.072069e-07	34	
2.707883e+05	1	13	6.423417e-07	142	
2.905488e+05	0	28	2.792790e-08	26	
2.995271e+05	1	13	6.702696e-07	26	
3.081782e+05	0	4	2.792790e-07	28	
3.247794e+05	3	57	5.170224e-08	105	3696193412	2.148514e-08	
3.311422e+05	1	7	5.864859e-07	35	
3.593551e+05	1	57	7.318738e-08	3696193412	
3.742891e+05	2	145	3.179004e-08	100	15308464	2.406576e-08	
