9.759251e+01	1	123	5.585580e-08	46	
8.466751e+02	1	149	5.585580e-08	67	
1.472084e+03	1	6	5.585580e-07	3	
1.943062e+03	0	140	2.792790e-08	89	
2.446029e+03	1	10	3.072069e-07	107	
4.439291e+03	1	4	3.072069e-07	64	
5.079845e+03	0	111	2.792790e-08	56	
7.420187e+03	1	119	5.585580e-08	40	
8.790599e+03	1	121	5.585580e-08	96	
8.921377e+03	1	1	3.072069e-07	91	
1.179283e+04	1	59	5.585580e-08	27	
1.527469e+04	1	14	3.072069e-07	89	
2.571890e+04	1	6	5.864859e-07	75	
2.893497e+04	1	6	6.144138e-07	104	
3.178197e+04	0	62	2.792790e-08	51	
4.403041e+04	1	5	3.072069e-07	47	
4.998312e+04	1	6	6.423417e-07	30	
5.184670e+04	0	140	2.792790e-08	98	
6.163320e+04	1	6	6.702696e-07	82	
6.177796e+04	1	13	3.072069e-07	44	
6.355558e+04	1	1	3.351348e-07	56	
6.515169e+04	2	10	5.570140e-07	7	3687573659	1.473593e-08	3196256300	1.473593e-08	
7.112606e+04	0	142	2.792790e-08	24	
7.277790e+04	0	124	2.792790e-08	65	
7.688805e+04	1	2	2.940149e-07	3196256300	
1.000400e+05	1	14	3.351348e-07	24	
1.030332e+05	0	10	5.570140e-07	153	
1.305443e+05	1	14	3.909906e-07	119	
1.361176e+05	1	4	3.351348e-07	19	
1.462577e+05	1	11	3.072069e-07	99	
1.482306e+05	0	5	3.072069e-07	65	
1.640238e+05	0	59	5.585580e-08	53	
1.669147e+05	1	123	8.378370e-08	112	
1.738257e+05	3	140	1.753162e-08	66	848448836	1.916209e-08	2211003714	1.916209e-08	
1.749161e+05	0	4	3.351348e-07	143	
1.897050e+05	0	48	2.792790e-08	34	
1.947133e+05	0	10	5.570140e-07	45	
2.378771e+05	1	6	6.981975e-07	126	
2.425229e+05	1	14	4.189185e-07	103	
2.669262e+05	3	97	1.992798e-08	58	2916276788	1.796391e-08	3696193412	1.796391e-08	
2.894355e+05	0	144	2.792790e-08	51	
2.944849e+05	1	11	3.351348e-07	41	
2.950184e+05	0	136	2.792790e-08	130	
2.960751e+05	1	6	7.261254e-07	106	
3.064709e+05	2	114	3.259930e-08	69	15308464	2.325650e-08	
3.423568e+05	0	6	7.261254e-07	117	
3.548013e+05	2	14	7.228648e-07	11	1239307652	1.559423e-08	1945448119	1.559423e-08	
3.579727e+05	1	5	3.351348e-07	113	
3.615477e+05	0	5	3.351348e-07	65	
3.934388e+05	1	6	7.540533e-07	136	
3.947510e+05	0	6	7.540533e-07	73	
3.952237e+05	1	6	7.819812e-07	150	
4.066230e+05	2	21	3.886242e-08	15	3396227953	1.699338e-08	
4.440446e+05	0	123	8.378370e-08	57	
4.548871e+05	0	123	8.378370e-08	149	
4.718863e+05	0	60	2.792790e-08	1945448119	
4.841489e+05	0	848448836	1.916209e-08	1945448119	
5.070729e+05	1	9	3.072069e-07	115	
5.076610e+05	0	123	8.378370e-08	77	
5.146239e+05	0	98	2.792790e-08	15308464	
5.340938e+05	0	85	2.792790e-08	53	
5.410447e+05	1	8	3.072069e-07	74	
5.518846e+05	1	6	8.099091e-07	17	
