4.938849e+03	1	92	5.585580e-08	23	
5.277049e+03	1	136	5.585580e-08	39	
6.611195e+03	1	5	3.072069e-07	95	
1.204030e+04	1	7	3.072069e-07	36	
1.340145e+04	1	12	3.072069e-07	105	
1.646944e+04	0	3	2.792790e-07	137	
2.298251e+04	1	147	5.585580e-08	102	
2.307589e+04	1	4	3.072069e-07	150	
2.349767e+04	0	9	2.792790e-07	83	
2.422209e+04	1	136	8.378370e-08	38	
3.160767e+04	0	118	2.792790e-08	96	
3.344993e+04	1	6	3.072069e-07	125	
4.291986e+04	1	8	3.072069e-07	61	
5.111341e+04	1	13	3.072069e-07	108	
5.435773e+04	1	5	3.351348e-07	57	
9.248916e+04	0	87	2.792790e-08	24	
1.768737e+05	1	5	3.630627e-07	64	
2.106279e+05	0	7	3.072069e-07	111	
2.436827e+05	1	2	3.072069e-07	62	
2.501257e+05	1	77	5.585580e-08	19	
2.576179e+05	3	96	1.396395e-08	44	3687573659	1.396395e-08	3196256300	1.396395e-08	848448836	1.396395e-08	
2.679245e+05	2	3	2.917060e-07	46	2211003714	1.550090e-08	
4.851784e+05	1	9	3.072069e-07	126	
6.642757e+05	1	5	3.909906e-07	50	
7.066329e+05	2	11	4.460663e-07	10	2916276788	1.406146e-08	3696193412	1.406146e-08	15308464	1.406146e-08	1239307652	1.406146e-08	1945448119	1.406146e-08	3396227953	1.406146e-08	3321237907	1.406146e-08	3187199216	1.406146e-08	
7.080000e+05	1	5	4.189185e-07	40	
7.271576e+05	1	11	7.532732e-07	13	
7.850786e+05	0	7	3.072069e-07	52	
