2.072191e+03	1	80	5.585580e-08	69	
3.266901e+03	1	7	3.072069e-07	85	
4.385289e+03	1	11	3.072069e-07	24	
8.670719e+03	1	1	3.072069e-07	56	
1.532785e+04	1	7	3.351348e-07	36	
1.814326e+04	1	14	3.072069e-07	75	
1.846188e+04	1	124	5.585580e-08	25	
2.470510e+04	0	22	2.792790e-08	16	
2.481442e+04	0	35	2.792790e-08	29	
2.922719e+04	1	108	5.585580e-08	33	
3.052263e+04	0	135	2.792790e-08	96	
3.455666e+04	1	14	3.351348e-07	140	
3.900150e+04	1	135	5.585580e-08	96	
4.103038e+04	1	135	8.378370e-08	115	
4.163630e+04	0	7	3.351348e-07	132	
4.312241e+04	0	131	2.792790e-08	44	
4.676077e+04	0	103	2.792790e-08	19	
4.681047e+04	2	12	5.362441e-07	3	3687573659	2.231392e-08	
5.519529e+04	1	91	5.585580e-08	68	
5.548397e+04	0	116	2.792790e-08	93	
6.105875e+04	1	150	5.585580e-08	70	
6.916353e+04	0	149	2.792790e-08	145	
6.988101e+04	2	12	8.160354e-07	11	3196256300	2.741562e-08	
8.101185e+04	1	8	3.072069e-07	143	
8.615779e+04	1	98	5.585580e-08	20	
8.786549e+04	0	146	2.792790e-08	43	
9.354526e+04	1	12	8.439633e-07	63	
1.016050e+05	1	80	8.378370e-08	112	
1.038500e+05	1	10	5.585580e-07	4	
1.047085e+05	1	8	3.351348e-07	151	
1.086080e+05	0	127	2.792790e-08	82	
1.087517e+05	0	10	5.585580e-07	128	
1.225188e+05	0	5	2.792790e-07	45	
1.226325e+05	1	10	5.864859e-07	128	
1.234146e+05	0	135	8.378370e-08	123	
1.330495e+05	2	135	1.162711e-07	108	848448836	2.336841e-08	
1.340472e+05	0	80	8.378370e-08	116	
1.538865e+05	0	9	2.792790e-07	99	
1.561708e+05	0	80	8.378370e-08	74	
1.590374e+05	0	136	2.792790e-08	66	
1.696400e+05	1	80	1.396395e-07	98	
1.703541e+05	0	116	2.792790e-08	64	
1.706222e+05	0	102	2.792790e-08	31	
1.720967e+05	1	80	1.675674e-07	102	
1.733655e+05	0	78	2.792790e-08	31	
1.816317e+05	1	14	3.909906e-07	150	
1.864590e+05	0	127	2.792790e-08	48	
2.046805e+05	1	13	3.072069e-07	76	
2.059878e+05	0	7	3.351348e-07	16	
2.072524e+05	0	144	2.792790e-08	126	
2.092953e+05	1	80	1.954953e-07	64	
2.194847e+05	1	13	3.351348e-07	39	
2.195324e+05	0	80	1.954953e-07	139	
2.236363e+05	0	46	2.792790e-08	848448836	
2.638222e+05	0	78	2.792790e-08	3196256300	
2.828696e+05	0	35	2.792790e-08	3687573659	
2.942753e+05	0	105	2.792790e-08	62	
2.972127e+05	2	135	1.265709e-07	32	2211003714	1.762812e-08	
2.987477e+05	0	94	2.792790e-08	31	
3.070279e+05	1	135	1.441990e-07	2211003714	
3.072626e+05	0	28	2.792790e-08	27	
3.368065e+05	1	8	3.630627e-07	52	
3.600366e+05	0	100	2.792790e-08	87	
3.624641e+05	0	7	3.351348e-07	127	
3.958013e+05	1	7	3.630627e-07	61	
4.014182e+05	0	13	3.351348e-07	97	
4.050931e+05	2	7	5.424648e-07	80	2916276788	1.609319e-08	
4.104991e+05	3	139	2.708058e-08	116	3696193412	1.438761e-08	15308464	1.438761e-08	
4.108268e+05	1	7	5.585580e-07	2916276788	
4.372177e+05	0	6	2.792790e-07	125	
4.461255e+05	1	7	5.864859e-07	79	
4.483469e+05	0	91	5.585580e-08	45	
4.527537e+05	1	5	3.072069e-07	106	
4.596105e+05	1	8	3.909906e-07	92	
4.986242e+05	0	149	2.792790e-08	27	
5.202979e+05	0	71	2.792790e-08	17	
5.689872e+05	0	12	8.439633e-07	51	
5.899746e+05	1	107	5.585580e-08	87	
