2.134901e+02	1	131	5.585580e-08	89	
7.086705e+02	1	135	5.585580e-08	85	
2.225653e+03	1	10	3.072069e-07	22	
7.849849e+03	1	1	3.072069e-07	51	
1.371312e+04	1	6	3.072069e-07	124	
1.657066e+04	1	6	3.351348e-07	94	
1.892493e+04	1	13	3.072069e-07	31	
2.242766e+04	1	11	3.072069e-07	136	
2.593919e+04	1	11	3.351348e-07	15	
2.605380e+04	1	128	5.585580e-08	68	
3.963111e+04	1	5	5.585580e-07	2	
4.730531e+04	1	1	3.351348e-07	115	
4.854746e+04	1	140	5.585580e-08	74	
6.926914e+04	1	110	5.585580e-08	43	
7.272195e+04	0	110	5.585580e-08	32	
8.758903e+04	1	120	5.585580e-08	66	
9.559604e+04	1	13	3.351348e-07	56	
1.354006e+05	1	4	3.072069e-07	50	
1.428121e+05	1	7	3.072069e-07	78	
1.596315e+05	1	140	8.378370e-08	25	
1.743023e+05	1	154	5.585580e-08	75	
1.849170e+05	1	6	3.630627e-07	126	
2.019532e+05	1	14	3.072069e-07	121	
2.139707e+05	0	111	2.792790e-08	81	
4.694802e+05	3	46	2.380953e-08	29	3687573659	1.602313e-08	3196256300	1.602313e-08	
