4.193099e+03	0	110	2.792790e-08	91	
1.334653e+04	1	89	5.585580e-08	28	
1.336576e+04	1	9	3.072069e-07	68	
1.413809e+04	1	14	3.072069e-07	40	
1.787752e+04	1	14	3.351348e-07	41	
2.240712e+04	1	120	5.585580e-08	97	
2.269739e+04	1	134	5.585580e-08	48	
3.966790e+04	1	6	3.072069e-07	151	
4.132780e+04	1	10	3.072069e-07	128	
5.276320e+04	1	10	3.351348e-07	74	
7.060066e+04	1	13	3.072069e-07	95	
8.006575e+04	1	7	3.072069e-07	153	
8.695705e+04	1	1	3.072069e-07	119	
9.456626e+04	0	10	3.351348e-07	138	
1.058900e+05	0	33	2.792790e-08	15	
1.431409e+05	1	1	5.864859e-07	12	
1.841511e+05	0	13	3.072069e-07	81	
2.121563e+05	3	42	1.965646e-08	38	3687573659	1.809967e-08	3196256300	1.809967e-08	
2.228650e+05	0	11	2.792790e-07	57	
2.563939e+05	1	10	3.630627e-07	19	
4.085504e+05	0	104	2.792790e-08	80	
4.135713e+05	0	148	2.792790e-08	63	
4.200261e+05	1	6	3.351348e-07	36	
