8.683675e+03	0	1	2.792790e-07	41	
1.095505e+04	0	104	2.792790e-08	45	
1.407000e+04	1	133	5.585580e-08	97	
1.433075e+04	1	134	5.585580e-08	90	
2.442757e+04	1	14	3.072069e-07	116	
4.227708e+04	0	8	2.792790e-07	80	
5.303909e+04	1	1	3.072069e-07	41	
1.470332e+05	1	7	3.072069e-07	45	
1.752972e+05	0	14	3.072069e-07	140	
1.779507e+05	1	14	3.351348e-07	71	
2.276197e+05	0	148	2.792790e-08	16	
2.693890e+05	0	47	2.792790e-08	36	
2.961318e+05	1	11	3.072069e-07	58	
3.202847e+05	0	111	2.792790e-08	17	
3.940660e+05	2	8	5.032325e-07	2	3687573659	1.844182e-08	3196256300	1.844182e-08	848448836	1.844182e-08	
3.967188e+05	1	9	3.072069e-07	99	
4.765411e+05	0	73	2.792790e-08	16	
4.898099e+05	1	1	3.351348e-07	73	
