5.290300e+01	1	3	3.072069e-07	109	
5.816701e+02	1	1	3.072069e-07	139	
1.744013e+03	1	10	3.072069e-07	78	
1.265550e+04	1	2	3.072069e-07	37	
2.218425e+04	0	9	2.792790e-07	35	
3.617977e+04	0	116	2.792790e-08	94	
3.674295e+04	1	10	3.351348e-07	107	
4.507738e+04	1	31	5.585580e-08	18	
6.110462e+04	1	93	5.585580e-08	75	
6.356735e+04	2	1	5.317826e-07	7	3687573659	1.823444e-08	3196256300	1.823444e-08	848448836	1.823444e-08	
7.555135e+04	1	1	5.500170e-07	3196256300	
8.181674e+04	1	124	5.585580e-08	118	
1.101787e+05	1	8	3.072069e-07	113	
1.153216e+05	2	103	3.714482e-08	39	2211003714	1.871098e-08	
1.745424e+05	1	81	5.585580e-08	63	
2.058315e+05	1	151	5.585580e-08	47	
2.192748e+05	0	124	5.585580e-08	42	
2.210153e+05	1	2	3.351348e-07	77	
2.408193e+05	0	103	3.714482e-08	116	
2.895892e+05	1	3	3.254413e-07	848448836	
3.575175e+05	0	112	2.792790e-08	87	
3.647700e+05	1	10	3.630627e-07	86	
4.245559e+05	1	2	3.909906e-07	81	
4.639888e+05	1	13	3.072069e-07	148	
5.078751e+05	0	6	2.792790e-07	136	
5.616709e+05	0	116	2.792790e-08	30	
6.746659e+05	1	13	5.864859e-07	4	
7.201645e+05	0	1	5.500170e-07	106	
8.506077e+05	1	10	3.909906e-07	28	
8.593448e+05	0	149	2.792790e-08	30	
8.736845e+05	1	9	3.072069e-07	48	
8.738045e+05	0	6	2.792790e-07	49	
8.838668e+05	0	99	2.792790e-08	76	
9.366668e+05	1	6	3.072069e-07	49	
9.421817e+05	1	9	3.351348e-07	74	
9.642994e+05	2	9	5.997869e-07	3	2916276788	1.519732e-08	3696193412	1.519732e-08	15308464	1.519732e-08	1239307652	1.519732e-08	
1.088185e+06	3	128	1.396395e-08	58	1945448119	1.396395e-08	3396227953	1.396395e-08	3321237907	1.396395e-08	
1.114508e+06	4	66	1.396395e-08	3321237907	3187199216	1.396395e-08	3330100144	1.396395e-08	
1.135172e+06	0	2	3.909906e-07	97	
1.157820e+06	1	13	6.144138e-07	45	
1.175803e+06	1	14	5.585580e-07	11	
1.347454e+06	1	124	8.378370e-08	56	
1.418982e+06	1	1	5.779449e-07	42	
1.427591e+06	1	10	4.189185e-07	116	
1.436674e+06	0	13	6.144138e-07	99	
1.516547e+06	3	143	1.396395e-08	128	310481256	1.396395e-08	817087088	1.396395e-08	
1.555765e+06	0	141	2.792790e-08	46	
1.617999e+06	1	2	4.468464e-07	31	
1.691372e+06	0	149	2.792790e-08	121	
1.698938e+06	0	92	2.792790e-08	3330100144	
1.732937e+06	1	0	1.000000e+00	89	
1.768122e+06	0	2	4.468464e-07	6	
1.885832e+06	0	132	2.792790e-08	817087088	
1.919196e+06	0	2	4.468464e-07	3330100144	
1.987091e+06	1	0	1.000000e+00	61	
2.004319e+06	1	2	4.747743e-07	136	
2.098887e+06	0	5	2.792790e-07	60	
2.110993e+06	0	5	2.792790e-07	90	
2.134872e+06	0	99	2.792790e-08	24	
2.152635e+06	1	1	6.058728e-07	91	
2.176962e+06	0	5	2.792790e-07	87	
2.286848e+06	3	108	1.396395e-08	19	551137729	1.396395e-08	1218250404	1.396395e-08	1035956119	1.396395e-08	
2.397566e+06	0	2	4.747743e-07	6	
2.433365e+06	1	1	6.338007e-07	76	
2.488086e+06	0	129	2.792790e-08	70	
2.574194e+06	0	13	6.144138e-07	131	
2.600939e+06	1	9	6.277148e-07	17	
2.841118e+06	4	140	1.396395e-08	64	1211996162	1.396395e-08	188552836	1.396395e-08	2029773149	1.396395e-08	
3.015521e+06	0	9	6.277148e-07	114	
3.086242e+06	2	2	7.134502e-07	8	302486611	1.396395e-08	1842102965	1.818903e-08	1285693762	1.818903e-08	1078741991	1.818903e-08	
3.126238e+06	0	5	2.792790e-07	25	
3.144916e+06	2	95	4.111941e-08	24	2723643411	1.473639e-08	
3.198486e+06	1	6	3.224042e-07	1239307652	
3.207385e+06	0	87	2.792790e-08	60	
3.282018e+06	2	2	7.143768e-07	97	1804212609	2.700127e-08	
3.282018e+06	2	2	7.146945e-07	98	438292632	2.761020e-08	
3.282112e+06	1	1068020906	9.543279e-04	142	
3.282638e+06	1	1068020906	9.543419e-04	188552836	
3.282755e+06	1	0	1.000000e+00	10	
3.282845e+06	1	0	1.000001e+00	88	
3.283149e+06	1	0	1.000001e+00	6	
3.284307e+06	1	0	1.000001e+00	15308464	
3.284378e+06	1	0	1.000001e+00	69	
3.284811e+06	1	0	1.000001e+00	3396227953	
3.285582e+06	1	1068020906	9.543571e-04	2916276788	
3.285710e+06	1	0	1.000001e+00	54	
3.286428e+06	1	0	1.000001e+00	3187199216	
3.288367e+06	1	1068020906	9.543850e-04	149	
