2.134901e+02	1	131	5.585580e-08	89	
7.086705e+02	1	135	5.585580e-08	85	
2.225653e+03	1	10	3.072069e-07	22	
7.849849e+03	1	1	3.072069e-07	51	
1.371312e+04	1	6	3.072069e-07	124	
1.657066e+04	1	6	3.351348e-07	94	
1.892493e+04	1	13	3.072069e-07	31	
2.242766e+04	1	11	3.072069e-07	136	
2.593919e+04	1	11	3.351348e-07	15	
2.605380e+04	1	128	5.585580e-08	68	
3.963111e+04	1	5	5.585580e-07	2	
4.730531e+04	1	1	3.351348e-07	115	
4.854746e+04	1	140	5.585580e-08	74	
6.926914e+04	1	110	5.585580e-08	43	
7.272195e+04	0	110	5.585580e-08	32	
8.758903e+04	1	120	5.585580e-08	66	
9.559604e+04	1	13	3.351348e-07	56	
1.354006e+05	1	4	3.072069e-07	50	
1.428121e+05	1	7	3.072069e-07	78	
1.596315e+05	1	140	8.378370e-08	25	
1.743023e+05	1	154	5.585580e-08	75	
1.849170e+05	1	6	3.630627e-07	126	
2.019532e+05	1	14	3.072069e-07	121	
2.139707e+05	0	111	2.792790e-08	81	
4.694802e+05	3	46	2.380953e-08	29	3687573659	1.602313e-08	3196256300	1.602313e-08	
7.843378e+05	1	3	3.072069e-07	80	
8.114231e+05	1	14	6.144138e-07	4	
9.087755e+05	1	0	1.000000e+00	18	
1.101303e+06	2	14	8.660369e-07	3	848448836	1.852794e-08	2211003714	1.852794e-08	2916276788	1.852794e-08	
1.129283e+06	1	0	1.000000e+00	53	
1.309227e+06	0	100	2.792790e-08	41	
1.629959e+06	2	1	3.457142e-07	45	3696193412	1.734846e-08	
1.645891e+06	2	7	3.436019e-07	110	15308464	1.946075e-08	
1.862326e+06	1	1	6.893162e-07	7	
2.002646e+06	1	14	8.820600e-07	3196256300	
2.108165e+06	1	0	1.000000e+00	36	
2.117499e+06	3	140	6.591536e-08	28	1239307652	1.526541e-08	1945448119	1.526541e-08	3396227953	1.526541e-08	
2.127101e+06	1	5	6.244734e-07	140	
2.290084e+06	0	120	5.585580e-08	67	
2.409223e+06	1	8	2.953021e-07	3687573659	
2.456727e+06	0	123	2.792790e-08	103	
2.561398e+06	1	5	6.524013e-07	49	
2.909798e+06	0	146	2.792790e-08	34	
3.151641e+06	4	79	1.396395e-08	1239307652	3321237907	1.461468e-08	3187199216	1.461468e-08	
3.173132e+06	1	0	1.000000e+00	39	
3.487189e+06	1	5	6.803292e-07	107	
3.577604e+06	1	0	1.000000e+00	58	
3.643241e+06	0	143	2.792790e-08	34	
3.739060e+06	2	5	7.154881e-07	128	3330100144	2.069688e-08	
