2.662360e+03	2	10	4.873687e-07	7	3687573659	1.423786e-08	3196256300	1.423786e-08	848448836	1.423786e-08	2211003714	1.423786e-08	2916276788	1.423786e-08	
9.828972e+03	1	79	5.585580e-08	55	
1.067455e+04	1	153	5.585580e-08	30	
1.759596e+04	1	141	5.585580e-08	82	
2.282540e+04	1	133	5.585580e-08	46	
2.839679e+04	1	70	5.585580e-08	38	
3.648024e+04	1	93	4.216576e-08	2211003714	
4.015783e+04	1	4	5.585580e-07	2	
8.443381e+04	1	123	5.585580e-08	89	
9.353899e+04	1	120	5.585580e-08	48	
1.011883e+05	1	40	5.585580e-08	37	
1.069453e+05	0	153	5.585580e-08	125	
1.218321e+05	1	120	8.378370e-08	154	
1.957217e+05	2	13	4.979652e-07	9	3696193412	1.514819e-08	15308464	1.514819e-08	1239307652	1.514819e-08	1945448119	1.514819e-08	
2.050425e+05	1	6	3.072069e-07	51	
2.739645e+05	1	6	3.351348e-07	129	
4.082982e+05	1	10	5.016066e-07	3196256300	
4.457736e+05	0	65	2.792790e-08	43	
5.329953e+05	0	119	2.792790e-08	116	
